date_block_num;shop_id;item_id;item_price;item_cnt_day;name
0;59;22154;999.0;1.0;HOA
0;25;2552;899.0;1.0;HAI
0;25;2552;899.0;0.0;HUNG
0;25;2554;1709.05;1.0;HAU
0;25;2555;1099.0;1.0;SONG
0;25;2564;349.0;1.0;MY
0;25;2565;549.0;1.0;CUC
0;25;2572;239.0;1.0;DAO 
0;25;2572;299.0;1.0;THANH
0;25;2573;299.0;3.0;HOA
0;25;2574;399.0;2.0;HIEN
0;25;2574;399.0;1.0;VY
0;25;2574;399.0;1.0;NHI
0;25;2574;399.0;2.0;HOA
0;25;2574;399.0;1.0;HAI
0;25;2574;399.0;2.0;HUNG
0;25;2574;399.0;1.0;HAU
0;25;2574;399.0;1.0;SONG
0;25;2574;399.0;1.0;MY
0;25;2574;399.0;1.0;CUC
0;25;2593;279.0;1.0;DAO 
0;25;2604;299.0;1.0;THANH
0;25;2604;299.0;1.0;HOA
0;25;2607;279.0;1.0;HIEN
0;25;2607;279.0;1.0;VY
0;25;2609;1699.0;1.0;NHI
0;25;2548;1708.95;1.0;HOA
0;25;2611;299.0;1.0;HAI
0;25;2546;299.0;1.0;HUNG
0;25;2515;1649.0;1.0;HAU
0;25;2705;1799.0;1.0;SONG
0;25;2705;1799.0;1.0;MY
0;25;2705;1799.0;1.0;CUC
0;25;2715;899.0;1.0;DAO 
0;25;2715;898.5;1.0;THANH
0;25;2716;149.0;1.0;HOA
0;25;2716;149.0;1.0;HIEN
0;25;2719;2699.0;1.0;VY
0;25;2719;2699.0;1.0;NHI
0;25;2719;1699.0;1.0;HOA
0;25;2720;1699.0;1.0;HAI
0;25;2473;899.0;1.0;HUNG
0;25;2480;58.0;1.0;HAU
0;25;2731;599.0;1.0;SONG
0;25;2731;599.0;1.0;MY
0;25;2746;299.0;1.0;CUC
0;25;2746;299.0;1.0;DAO 
0;25;2746;299.0;2.0;THANH
0;25;2746;299.0;1.0;HOA
0;25;2746;299.0;1.0;HIEN
0;25;2746;299.0;1.0;VY
0;25;2746;299.0;1.0;NHI
0;25;2748;1399.0;1.0;HOA
0;25;2748;799.0;1.0;HAI
0;25;2748;799.0;1.0;HUNG
0;25;2522;1999.0;1.0;HAU
0;25;2614;299.0;1.0;SONG
0;25;2614;299.0;1.0;MY
0;25;2798;449.0;1.0;CUC
0;25;2833;599.0;1.0;DAO 
0;25;2833;599.0;1.0;THANH
0;25;2833;599.0;1.0;HOA
0;25;2833;599.0;1.0;HIEN
0;25;2833;599.0;1.0;VY
0;25;2833;599.0;1.0;NHI
0;25;2835;1999.0;1.0;HOA
0;25;2835;1999.0;1.0;HAI
0;25;2835;1999.0;1.0;HUNG
0;25;2836;1999.0;1.0;HAU
0;25;2836;1999.0;1.0;SONG
0;25;2844;899.0;1.0;MY
0;25;2844;899.0;1.0;CUC
0;25;2844;899.0;1.0;DAO 
0;25;2845;599.0;1.0;THANH
0;25;2847;1699.0;1.0;HOA
0;25;2847;1699.0;1.0;HIEN
0;25;2848;99.0;2.0;VY
0;25;2854;449.0;1.0;NHI
0;25;2854;449.0;1.0;HOA
0;25;2854;449.0;1.0;HAI
0;25;2857;1998.5;1.0;HUNG
0;25;2857;1999.0;1.0;HAU
0;25;2920;599.0;1.0;SONG
0;25;2920;599.0;1.0;MY
0;25;2833;599.0;1.0;CUC
0;25;2833;599.0;1.0;DAO 
0;25;2833;599.0;1.0;THANH
0;25;2833;599.0;1.0;HOA
0;25;2798;448.5;1.0;HIEN
0;25;2795;949.0;1.0;VY
0;25;2795;949.0;1.0;NHI
0;25;2808;999.0;2.0;HOA
0;25;2808;999.0;2.0;HAI
0;25;2808;999.0;1.0;HUNG
0;25;2808;999.0;1.0;HAU
0;25;2808;999.0;2.0;SONG
0;25;2808;999.0;1.0;MY
0;25;2808;999.0;4.0;CUC
0;25;2808;999.0;1.0;DAO 
0;25;2808;999.0;2.0;THANH
0;25;2705;1799.0;1.0;HOA
0;25;2808;999.0;1.0;HIEN
0;25;2808;999.0;1.0;VY
0;25;2808;999.0;1.0;NHI
0;25;2808;999.0;1.0;HOA
0;25;2808;999.0;2.0;HAI
0;25;2808;999.0;1.0;HUNG
0;25;2808;999.0;3.0;HAU
0;25;2808;999.0;1.0;SONG
0;25;2628;299.0;1.0;MY
0;25;2629;299.0;1.0;CUC
0;25;2631;299.0;1.0;DAO 
0;25;2640;349.0;1.0;THANH
0;25;2822;399.0;1.0;HOA
0;25;2808;999.0;3.0;HIEN
0;25;2920;599.0;1.0;VY
0;25;2704;1799.0;1.0;NHI
0;25;2703;599.0;1.0;HOA
0;25;2088;1299.0;1.0;HAI
0;25;2090;449.0;1.0;HUNG
0;25;2090;449.0;1.0;HAU
0;25;2092;599.0;1.0;SONG
0;25;2100;299.0;1.0;MY
0;25;2102;349.0;1.0;CUC
0;25;2103;449.0;1.0;DAO 
0;25;2106;549.0;1.0;THANH
0;25;2108;199.0;1.0;HOA
0;25;2111;199.0;1.0;HIEN
0;25;2117;279.0;1.0;VY
0;25;2121;399.0;1.0;NHI
0;25;2122;899.0;1.0;HOA
0;25;2123;299.0;1.0;HAI
0;25;2149;449.0;1.0;HUNG
0;25;2151;1099.0;1.0;HAU
0;25;2160;949.0;1.0;SONG
0;25;2164;899.0;1.0;MY
0;25;2389;999.0;1.0;CUC
0;25;2389;999.0;1.0;DAO 
0;25;2179;299.0;1.0;THANH
0;25;2179;299.0;1.0;HOA
0;25;2179;299.0;1.0;HIEN
0;25;2179;299.0;1.0;VY
0;25;2186;1499.0;1.0;NHI
0;25;2340;899.0;1.0;HOA
0;25;2189;299.0;1.0;HAI
0;25;2281;499.5;1.0;HUNG
0;25;2281;499.5;1.0;HAU
0;25;2321;999.0;1.0;SONG
0;25;2321;999.0;0.0;MY
0;25;2321;999.0;1.0;CUC
0;25;2333;549.0;1.0;DAO 
0;25;2252;599.0;1.0;THANH
0;25;2252;599.0;1.0;HOA
0;25;2252;599.0;1.0;HIEN
0;25;2252;599.0;1.0;VY
0;25;2252;599.0;1.0;NHI
0;25;2252;599.0;1.0;HOA
0;25;2252;599.0;1.0;HAI
0;25;2253;2199.0;1.0;HUNG
0;25;2253;2199.0;1.0;HAU
0;25;2254;2199.0;1.0;SONG
0;25;2255;299.0;1.0;MY
0;25;2256;299.0;1.0;CUC
0;25;2256;299.0;1.0;DAO 
0;25;2257;299.0;1.0;THANH
0;25;2257;299.0;2.0;HOA
0;25;2258;299.0;2.0;HIEN
0;25;2258;299.0;1.0;VY
0;25;2258;299.0;2.0;NHI
0;25;2281;499.5;1.0;HOA
0;25;2281;499.5;1.0;HAI
0;25;2281;499.5;2.0;HUNG
0;25;2281;999.0;2.0;HAU
0;25;2189;299.0;1.0;SONG
0;25;2199;1449.0;1.0;MY
0;25;2199;1449.0;0.0;CUC
0;25;2439;299.0;1.0;DAO 
0;25;2439;299.0;1.0;THANH
0;25;2439;299.0;1.0;HOA
0;25;2439;299.0;1.0;HIEN
0;25;2441;1199.0;1.0;VY
0;25;2461;399.0;1.0;NHI
0;25;2678;999.0;1.0;HOA
0;25;2678;999.0;3.0;HAI
0;25;2678;999.0;1.0;HUNG
0;25;2678;998.5;1.0;HAU
0;25;2462;99.0;1.0;SONG
0;25;2680;899.0;2.0;MY
0;25;2682;1499.0;1.0;CUC
0;25;2682;1499.0;1.0;DAO 
0;25;2682;1499.0;1.0;THANH
0;25;2682;1499.0;1.0;HOA
0;25;2703;599.0;1.0;HIEN
0;25;2703;599.0;1.0;VY
0;25;2703;599.0;1.0;NHI
0;25;2703;599.0;1.0;HOA
0;25;2703;599.0;1.0;HAI
0;25;2703;599.0;1.0;HUNG
0;25;2703;599.0;1.0;HAU
0;25;2703;599.0;1.0;SONG
0;25;2703;599.0;1.0;MY
0;25;2439;299.0;1.0;CUC
0;25;2439;299.0;1.0;DAO 
0;25;2439;299.0;1.0;THANH
0;25;2437;1399.0;1.0;HOA
0;25;2202;1099.0;1.0;HIEN
0;25;2209;899.0;1.0;VY
0;25;2220;3990.0;1.0;NHI
0;25;2221;1990.0;1.0;HOA
0;25;2412;5490.0;1.0;HAI
0;25;2222;198.0;1.0;HUNG
0;25;2415;299.0;1.0;HAU
0;25;2415;299.0;1.0;SONG
0;25;2415;299.0;1.0;MY
0;25;2416;449.0;1.0;CUC
0;25;2416;449.0;1.0;DAO 
0;25;2416;449.0;1.0;THANH
0;25;2704;1799.0;1.0;HOA
0;25;2416;449.0;1.0;HIEN
0;25;2416;449.0;1.0;VY
0;25;2416;449.0;1.0;NHI
0;25;2416;449.0;1.0;HOA
0;25;2417;348.5;1.0;HAI
0;25;2417;349.0;1.0;HUNG
0;25;2417;349.0;2.0;HAU
0;25;2417;349.0;1.0;SONG
0;25;2417;349.0;1.0;MY
0;25;2225;299.0;1.0;CUC
0;25;2235;399.0;1.0;DAO 
0;25;2437;1399.0;1.0;THANH
0;25;2437;1399.0;1.0;HOA
0;25;2416;449.0;1.0;HIEN
0;25;2920;598.5;1.0;VY
0;25;2920;599.0;1.0;NHI
0;25;2924;198.0;1.0;HOA
0;25;3168;299.0;1.0;HAI
0;25;3172;148.0;1.0;HUNG
0;25;3174;299.0;1.0;HAU
0;25;3175;299.0;1.0;SONG
0;25;3175;299.0;1.0;MY
0;25;3253;899.0;1.0;CUC
0;25;3268;299.0;1.0;DAO 
0;25;3269;299.0;1.0;THANH
0;25;3394;1999.0;1.0;HOA
0;25;3394;1999.0;1.0;HIEN
0;25;3402;549.0;1.0;VY
0;25;3402;549.0;1.0;NHI
0;25;3402;549.0;1.0;HOA
0;25;3402;549.0;1.0;HAI
0;25;3417;449.0;1.0;HUNG
0;25;3417;449.0;1.0;HAU
0;25;3417;449.0;1.0;SONG
0;25;3432;599.0;5.0;MY
0;25;3432;599.0;3.0;CUC
0;25;3432;599.0;2.0;DAO 
0;25;3432;599.0;4.0;THANH
0;25;3432;599.0;1.0;HOA
0;25;3432;599.0;3.0;HIEN
0;25;3432;599.0;2.0;VY
0;25;3432;598.75;2.0;NHI
0;25;3164;299.0;1.0;HOA
0;25;3432;599.0;1.0;HAI
0;25;3223;449.0;1.0;HUNG
0;25;3223;449.0;1.0;HAU
0;25;3112;349.0;1.0;SONG
0;25;3128;749.0;1.0;MY
0;25;3203;99.0;1.0;CUC
0;25;3203;99.0;1.0;DAO 
0;25;3204;99.0;1.0;THANH
0;25;3204;99.0;1.0;HOA
0;25;3204;99.0;1.0;HIEN
0;25;3209;149.0;1.0;VY
0;25;3209;149.0;1.0;NHI
0;25;3209;149.0;1.0;HOA
0;25;3210;149.0;1.0;HAI
0;25;3210;149.0;1.0;HUNG
0;25;3214;149.0;1.0;HAU
0;25;3130;299.0;1.0;SONG
0;25;3141;1130.0;1.0;MY
0;25;3141;1130.0;1.0;CUC
0;25;3147;1850.0;1.0;DAO 
0;25;3147;1850.0;1.0;THANH
0;25;3146;2490.0;1.0;HOA
0;25;3148;1850.0;1.0;HIEN
0;25;3158;1290.0;1.0;VY
0;25;3158;1290.0;1.0;NHI
0;25;3223;449.0;1.0;HOA
0;25;3223;449.0;1.0;HAI
0;25;3223;449.0;2.0;HUNG
0;25;3223;449.0;1.0;HAU
0;25;3432;599.0;1.0;SONG
0;25;3432;599.0;1.0;MY
0;25;3432;599.0;3.0;CUC
0;25;3429;2799.0;3.0;DAO 
0;25;3429;2799.0;1.0;THANH
0;25;3429;2799.0;1.0;HOA
0;25;3429;2799.0;1.0;HIEN
0;25;3429;2799.0;1.0;VY
0;25;3429;2799.0;1.0;NHI
0;25;3429;2799.0;1.0;HOA
0;25;3437;1699.0;2.0;HAI
0;25;3437;1699.0;1.0;HUNG
0;25;3437;1699.0;1.0;HAU
0;25;3437;1699.0;1.0;SONG
0;25;3437;1699.0;1.0;MY
0;25;3438;3699.0;1.0;CUC
0;25;3467;149.0;1.0;DAO 
0;25;3467;119.0;1.0;THANH
0;25;3467;149.0;1.0;HOA
0;25;3467;149.0;1.0;HIEN
0;25;3468;149.0;1.0;VY
0;25;3468;149.0;1.0;NHI
0;25;3468;149.0;1.0;HOA
0;25;3468;149.0;1.0;HAI
0;25;3468;149.0;1.0;HUNG
0;25;3286;299.0;1.0;HAU
0;25;3286;299.0;1.0;SONG
0;25;3286;299.0;1.0;MY
0;25;3428;2799.0;1.0;CUC
0;25;3428;2799.0;1.0;DAO 
0;25;3428;2799.0;1.0;THANH
0;25;3428;2799.0;1.0;HOA
0;25;3432;599.0;1.0;HIEN
0;25;3432;599.0;1.0;VY
0;25;3432;599.0;3.0;NHI
0;25;3432;599.0;3.0;HOA
0;25;3432;599.0;1.0;HAI
0;25;3432;599.0;1.0;HUNG
0;25;3432;599.0;1.0;HAU
0;25;3432;599.0;2.0;SONG
0;25;3432;599.0;1.0;MY
0;25;3432;599.0;1.0;CUC
0;25;3432;599.0;1.0;DAO 
0;25;3433;2799.0;1.0;THANH
0;25;3112;349.0;1.0;HOA
0;25;3433;2799.0;1.0;HIEN
0;25;3433;2799.0;1.0;VY
0;25;3433;2799.0;1.0;NHI
0;25;3433;2799.0;1.0;HOA
0;25;3434;2799.0;1.0;HAI
0;25;3434;2799.0;1.0;HUNG
0;25;3434;2799.0;1.0;HAU
0;25;3427;799.0;1.0;SONG
0;25;3427;799.0;1.0;MY
0;25;3427;799.0;1.0;CUC
0;25;3427;799.0;1.0;DAO 
0;25;3427;799.0;2.0;THANH
0;25;3427;799.0;1.0;HOA
0;25;3433;2799.0;1.0;HIEN
0;25;3112;349.0;1.0;VY
0;25;3193;449.0;1.0;NHI
0;25;3193;449.0;1.0;HOA
0;25;2973;2499.0;13.0;HAI
0;25;2973;2499.0;5.0;HUNG
0;25;2973;2499.0;3.0;HAU
0;25;2973;2499.0;2.0;SONG
0;25;2973;2499.0;3.0;MY
0;25;2973;2499.0;1.0;CUC
0;25;2973;2499.0;1.0;DAO 
0;25;2973;2499.0;2.0;THANH
0;25;2973;2499.0;2.0;HOA
0;25;2973;2499.0;2.0;HIEN
0;25;2973;2499.0;2.0;VY
0;25;2973;2499.0;1.0;NHI
0;25;2973;2499.0;1.0;HOA
0;25;2973;2499.0;1.0;HAI
0;25;2974;2499.0;3.0;HUNG
0;25;2974;2499.0;4.0;HAU
0;25;2974;2499.0;1.0;SONG
0;25;2974;2499.0;1.0;MY
0;25;2974;2499.0;1.0;CUC
0;25;2974;2499.0;1.0;DAO 
0;25;2974;2499.0;1.0;THANH
0;25;2974;2499.0;1.0;HOA
0;25;2649;1699.0;1.0;HIEN
0;25;2649;1699.0;1.0;VY
0;25;2650;1699.0;1.0;NHI
0;25;2972;599.0;1.0;HOA
0;25;2972;599.0;1.0;HAI
0;25;2972;599.0;2.0;HUNG
0;25;2972;599.0;3.0;HAU
0;25;2929;199.0;1.0;SONG
0;25;2929;199.0;1.0;MY
0;25;2931;99.0;1.0;CUC
0;25;2931;99.0;1.0;DAO 
0;25;2934;599.0;1.0;THANH
0;25;2934;599.0;1.0;HOA
0;25;2939;599.0;1.0;HIEN
0;25;2939;599.0;1.0;VY
0;25;2939;599.0;1.0;NHI
0;25;2946;599.0;1.0;HOA
0;25;2946;599.0;1.0;HAI
0;25;2953;299.5;1.0;HUNG
0;25;3017;299.0;1.0;HAU
0;25;2953;599.0;1.0;SONG
0;25;2956;599.0;1.0;MY
0;25;2956;599.0;1.0;CUC
0;25;2956;599.0;1.0;DAO 
0;25;2960;449.0;1.0;THANH
0;25;2960;449.0;1.0;HOA
0;25;2960;449.0;1.0;HIEN
0;25;2960;449.0;1.0;VY
0;25;2960;449.0;1.0;NHI
0;25;2960;449.0;1.0;HOA
0;25;2972;599.0;13.0;HAI
0;25;2972;599.0;5.0;HUNG
0;25;2972;599.0;2.0;HAU
0;25;2956;599.0;1.0;SONG
0;25;2321;999.0;1.0;MY
0;25;3017;299.0;1.0;CUC
0;25;3017;299.0;1.0;DAO 
0;25;3186;299.5;3.0;THANH
0;25;3186;599.0;1.0;HOA
0;25;3186;299.5;2.0;HIEN
0;25;3186;599.0;2.0;VY
0;25;3186;599.0;2.0;NHI
0;25;3186;299.5;1.0;HOA
0;25;3186;374.25;4.0;HAI
0;25;3186;449.25;2.0;HUNG
0;25;3186;299.5;1.0;HAU
0;25;3186;299.5;1.0;SONG
0;25;3186;419.3;5.0;MY
0;25;3186;299.5;1.0;CUC
0;25;3186;599.0;1.0;DAO 
0;25;3186;599.0;1.0;THANH
0;25;3187;2499.0;1.0;HOA
0;25;3187;1249.0;1.0;HIEN
0;25;3095;299.0;1.0;VY
0;25;3095;299.0;1.0;NHI
0;25;3098;1249.0;1.0;HOA
0;25;3193;449.0;2.0;HAI
0;25;3193;449.0;1.0;HUNG
0;25;3193;449.0;1.0;HAU
0;25;3193;449.0;1.0;SONG
0;25;3193;449.0;1.0;MY
0;25;3193;449.0;1.0;CUC
0;25;3186;299.5;1.0;DAO 
0;25;3186;599.0;1.0;THANH
0;25;3186;4985;3.0;HOA
0;25;3093;199.0;1.0;HIEN
0;25;3036;299.0;1.0;VY
0;25;3045;1249.5;1.0;NHI
0;25;3045;2499.0;1.0;HOA
0;25;3045;2499.0;1.0;HAI
0;25;3046;1598.0;1.0;HUNG
0;25;3050;499.0;1.0;HAU
0;25;3056;899.0;1.0;SONG
0;25;3056;899.0;1.0;MY
0;25;3056;899.0;1.0;CUC
0;25;3056;898.5;1.0;DAO 
0;25;3056;898.5;1.0;THANH
0;25;3057;899.0;1.0;HOA
0;25;3017;299.0;1.0;HIEN
0;25;3057;898.5;1.0;VY
0;25;3076;1399.0;1.0;NHI
0;25;3076;1399.0;2.0;HOA
0;25;3076;1399.0;2.0;HAI
0;25;3076;1399.0;1.0;HUNG
0;25;3076;1399.0;1.0;HAU
0;25;3076;1398.75;2.0;SONG
0;25;3077;1199.0;1.0;MY
0;25;3077;1199.0;1.0;CUC
0;25;3077;1199.0;1.0;DAO 
0;25;3077;1199.0;1.0;THANH
0;25;3080;1399.0;1.0;HOA
0;25;3081;1399.0;1.0;HIEN
0;25;2662;279.0;1.0;VY
0;25;2319;1398.5;1.0;NHI
0;25;2309;2799.0;1.0;HOA
0;25;2309;2799.0;1.0;HAI
0;25;1359;849.5;1.0;HUNG
0;25;1261;399.0;1.0;HAU
0;25;1362;98.0;1.0;SONG
0;25;1266;299.0;1.0;MY
0;25;1268;299.0;1.0;CUC
0;25;1270;299.0;1.0;DAO 
0;25;1270;299.0;1.0;THANH
0;25;1375;449.0;1.0;HOA
0;25;1375;448.5;1.0;HIEN
0;25;1409;1399.0;1.0;VY
0;25;1409;1399.0;1.0;NHI
0;25;1409;1399.0;1.0;HOA
0;25;1409;1399.0;1.0;HAI
0;25;1410;1399.0;1.0;HUNG
0;25;1418;349.0;1.0;HAU
0;25;1418;349.0;1.0;SONG
0;25;1420;349.0;1.0;MY
0;25;1420;349.0;1.0;CUC
0;25;1423;599.0;1.0;DAO 
0;25;1423;599.0;1.0;THANH
0;25;1438;349.0;1.0;HOA
0;25;1291;299.0;1.0;HIEN
0;25;1292;899.0;1.0;VY
0;25;1292;899.0;1.0;NHI
0;25;1300;999.0;1.0;HOA
0;25;1249;299.0;1.0;HAI
0;25;1302;299.0;1.0;HUNG
0;25;1249;299.0;2.0;HAU
0;25;1249;299.0;1.0;SONG
0;25;1205;1499.0;1.0;MY
0;25;1206;849.0;1.0;CUC
0;25;1217;299.0;1.0;DAO 
0;25;1217;299.0;1.0;THANH
0;25;1225;899.0;1.0;HOA
0;25;1228;1249.0;1.0;HIEN
0;25;1243;449.0;1.0;VY
0;25;1243;449.0;2.0;NHI
0;25;1243;449.0;1.0;HOA
0;25;1243;449.0;1.0;HAI
0;25;1247;299.0;1.0;HUNG
0;25;1247;299.0;1.0;HAU
0;25;1247;299.0;1.0;SONG
0;25;1247;299.0;1.0;MY
0;25;1249;299.0;2.0;CUC
0;25;1249;299.0;1.0;DAO 
0;25;1249;299.0;1.0;THANH
0;25;1249;299.0;1.0;HOA
0;25;1249;299.0;1.0;HIEN
0;25;1249;299.0;2.0;VY
0;25;1249;299.0;1.0;NHI
0;25;1249;299.0;1.0;HOA
0;25;1249;299.0;2.0;HAI
0;25;1249;299.0;1.0;HUNG
0;25;1249;299.0;1.0;HAU
0;25;1249;299.0;1.0;SONG
0;25;1302;299.0;1.0;MY
0;25;1302;299.0;1.0;CUC
0;25;1315;449.0;1.0;DAO 
0;25;1471;2599.0;1.0;THANH
0;25;1471;2599.0;1.0;HOA
0;25;1471;255254;3.0;HIEN
0;25;1471;2599.0;2.0;VY
0;25;1471;2598.5;1.0;NHI
0;25;1471;2599.0;1.0;HOA
0;25;1471;2599.0;1.0;HAI
0;25;1471;2598.5;1.0;HUNG
0;25;1471;2599.0;1.0;HAU
0;25;1471;2599.0;1.0;SONG
0;25;1472;2599.0;4.0;MY
0;25;1472;2599.0;1.0;CUC
0;25;1472;2599.0;1.0;DAO 
0;25;1472;2599.0;2.0;THANH
0;25;1472;2599.0;2.0;HOA
0;25;1472;2599.0;1.0;HIEN
0;25;1472;2599.0;2.0;VY
0;25;1472;2599.0;1.0;NHI
0;25;1472;2599.0;1.0;HOA
0;25;1475;899.0;1.0;HAI
0;25;1475;899.0;1.0;HUNG
0;25;1475;899.0;1.0;HAU
0;25;1475;899.0;1.0;SONG
0;25;1481;1999.0;1.0;MY
0;25;1481;1998.9;3.0;CUC
0;25;1471;2599.0;1.0;DAO 
0;25;1471;2599.0;1.0;THANH
0;25;1471;2599.0;2.0;HOA
0;25;1471;2599.0;3.0;HIEN
0;25;1318;299.0;2.0;VY
0;25;1318;299.0;1.0;NHI
0;25;1326;299.0;1.0;HOA
0;25;1332;399.0;1.0;HAI
0;25;1333;1549.0;1.0;HUNG
0;25;1463;1299.0;1.0;HAU
0;25;1467;899.0;1.0;SONG
0;25;1467;899.0;1.0;MY
0;25;1470;599.0;1.0;CUC
0;25;1470;599.0;1.0;DAO 
0;25;1470;599.0;3.0;THANH
0;25;1470;599.0;1.0;HOA
0;25;1203;649.0;1.0;HIEN
0;25;1470;599.0;1.0;VY
0;25;1470;599.0;1.0;NHI
0;25;1470;599.0;3.0;HOA
0;25;1470;599.0;1.0;HAI
0;25;1470;598.5;1.0;HUNG
0;25;1470;599.0;2.0;HAU
0;25;1470;599.0;1.0;SONG
0;25;1470;599.0;1.0;MY
0;25;1470;599.0;1.0;CUC
0;25;1470;599.0;1.0;DAO 
0;25;1470;599.0;1.0;THANH
0;25;1470;599.0;3.0;HOA
0;25;1470;599.0;1.0;HIEN
0;25;1470;599.0;4.0;VY
0;25;1202;1299.0;1.0;NHI
0;25;1195;299.0;1.0;HOA
0;25;1187;1490.0;1.0;HAI
0;25;1000;99.0;1.0;HUNG
0;25;1000;99.0;1.0;HAU
0;25;1002;99.0;1.0;SONG
0;25;1003;99.0;1.0;MY
0;25;1004;99.0;1.0;CUC
0;25;1004;99.0;1.0;DAO 
0;25;1005;99.0;1.0;THANH
0;25;1006;399.0;1.0;HOA
0;25;1006;399.0;1.0;HIEN
0;25;1006;399.0;1.0;VY
0;25;1008;299.0;1.0;NHI
0;25;1008;299.0;1.0;HOA
0;25;1008;299.0;1.0;HAI
0;25;1008;299.0;1.0;HUNG
0;25;1013;299.0;2.0;HAU
0;25;1013;299.0;3.0;SONG
0;25;1017;299.0;1.0;MY
0;25;1017;299.0;1.0;CUC
0;25;1018;299.0;1.0;DAO 
0;25;1018;299.0;1.0;THANH
0;25;1021;399.0;1.0;HOA
0;25;1021;399.0;1.0;HIEN
0;25;1021;399.0;1.0;VY
0;25;1022;299.0;2.0;NHI
0;25;1022;299.0;1.0;HOA
0;25;999;99.0;1.0;HAI
0;25;999;99.0;1.0;HUNG
0;25;998;99.0;2.0;HAU
0;25;998;99.0;1.0;SONG
0;25;785;349.0;1.0;MY
0;25;785;349.0;1.0;CUC
0;25;791;600.0;2.0;DAO 
0;25;791;600.0;1.0;THANH
0;25;791;600.0;2.0;HOA
0;25;791;600.0;1.0;HIEN
0;25;791;600.0;1.0;VY
0;25;791;600.0;1.0;NHI
0;25;804;240.0;1.0;HOA
0;25;810;199.0;1.0;HAI
0;25;829;3300.0;1.0;HUNG
0;25;832;299.0;1.0;HAU
0;25;1022;299.0;1.0;SONG
0;25;832;299.0;1.0;MY
0;25;839;3300.0;1.0;CUC
0;25;839;3300.0;1.0;DAO 
0;25;839;3300.0;1.0;THANH
0;25;944;549.0;1.0;HOA
0;25;944;549.0;1.0;HIEN
0;25;965;299.0;1.0;VY
0;25;970;279.0;1.0;NHI
0;25;977;149.0;1.0;HOA
0;25;987;149.0;1.0;HAI
0;25;990;99.0;1.0;HUNG
0;25;993;99.0;1.0;HAU
0;25;993;99.0;1.0;SONG
0;25;839;3300.0;1.0;MY
0;25;1481;1999.0;2.0;CUC
0;25;1023;299.0;1.0;DAO 
0;25;1023;299.0;1.0;THANH
0;25;1102;249.0;1.0;HOA
0;25;1102;249.0;1.0;HIEN
0;25;1102;249.0;1.0;VY
0;25;1103;249.0;1.0;NHI
0;25;1103;249.0;1.0;HOA
0;25;1105;199.0;1.0;HAI
0;25;1110;149.0;1.0;HUNG
0;25;1113;149.0;1.0;HAU
0;25;1118;149.0;1.0;SONG
0;25;1119;399.0;1.0;MY
0;25;1122;299.0;1.0;CUC
0;25;1126;299.0;1.0;DAO 
0;25;1131;399.0;1.0;THANH
0;25;1132;299.0;1.0;HOA
0;25;1142;1399.0;1.0;HIEN
0;25;1142;1399.0;1.0;VY
0;25;1144;399.0;1.0;NHI
0;25;1144;399.0;1.0;HOA
0;25;1144;399.0;1.0;HAI
0;25;1151;1790.0;1.0;HUNG
0;25;1153;4790.0;1.0;HAU
0;25;1166;3870.0;1.0;SONG
0;25;1167;1099.5;1.0;MY
0;25;1167;1100.0;1.0;CUC
0;25;1187;1490.0;1.0;DAO 
0;25;1101;249.0;1.0;THANH
0;25;1101;249.0;1.0;HOA
0;25;1101;249.0;1.0;HIEN
0;25;1101;249.0;1.0;VY
0;25;1025;499.0;1.0;NHI
0;25;1025;499.0;1.0;HOA
0;25;1025;499.0;1.0;HAI
0;25;1027;99.0;1.0;HUNG
0;25;1031;99.0;2.0;HAU
0;25;1031;99.0;1.0;SONG
0;25;1032;299.0;1.0;MY
0;25;1034;299.0;1.0;CUC
0;25;1036;99.0;1.0;DAO 
0;25;1036;99.0;1.0;THANH
0;25;1047;649.0;1.0;HOA
0;25;1048;648.5;1.0;HIEN
0;25;1023;299.0;1.0;VY
0;25;1051;649.0;1.0;NHI
0;25;1054;649.0;1.0;HOA
0;25;1070;248.0;1.0;HAI
0;25;1081;1979.0;1.0;HUNG
0;25;1081;1979.0;1.0;HAU
0;25;1081;1979.0;1.0;SONG
0;25;1081;1979.0;1.0;MY
0;25;1081;1979.0;1.0;CUC
0;25;1082;1979.0;1.0;DAO 
0;25;1082;1979.0;1.0;THANH
0;25;1082;1979.0;1.0;HOA
0;25;1082;1979.0;1.0;HIEN
0;25;1097;149.0;1.0;VY
0;25;1054;649.0;1.0;NHI
0;25;3286;299.0;1.0;HOA
0;25;1481;1999.0;1.0;HAI
0;25;1481;1999.0;1.0;HUNG
0;25;1931;124.0;1.0;HAU
0;25;1953;1799.0;1.0;SONG
0;25;1953;899.5;1.0;MY
0;25;1953;899.5;1.0;CUC
0;25;1953;899.5;1.0;DAO 
0;25;1953;899.5;1.0;THANH
0;25;1956;399.0;1.0;HOA
0;25;1956;399.0;1.0;HIEN
0;25;1697;1299.0;1.0;VY
0;25;1701;899.0;1.0;NHI
0;25;1729;299.0;1.0;HOA
0;25;1729;299.0;1.0;HAI
0;25;1729;299.0;1.0;HUNG
0;25;1731;299.0;1.0;HAU
0;25;1731;299.0;1.0;SONG
0;25;1740;299.0;1.0;MY
0;25;1740;299.0;1.0;CUC
0;25;1740;299.0;1.0;DAO 
0;25;1740;299.0;1.0;THANH
0;25;1741;299.0;1.0;HOA
0;25;1750;549.0;1.0;HIEN
0;25;1751;299.0;1.0;VY
0;25;1987;599.0;1.0;NHI
0;25;1987;599.0;1.0;HOA
0;25;1987;599.0;1.0;HAI
0;25;1676;299.0;1.0;HUNG
0;25;1987;599.0;2.0;HAU
0;25;1676;299.0;1.0;SONG
0;25;1924;249.0;1.0;MY
0;25;1916;249.0;1.0;CUC
0;25;1916;249.0;1.0;DAO 
0;25;1916;249.0;1.0;THANH
0;25;1916;249.0;1.0;HOA
0;25;1916;249.0;2.0;HIEN
0;25;1916;249.0;1.0;VY
0;25;1916;249.0;1.0;NHI
0;25;1916;249.0;1.0;HOA
0;25;1916;249.0;1.0;HAI
0;25;1916;249.0;1.0;HUNG
0;25;1916;249.0;1.0;HAU
0;25;1916;249.0;2.0;SONG
0;25;1916;249.0;1.0;MY
0;25;1918;249.0;1.0;CUC
0;25;1920;249.0;1.0;DAO 
0;25;1920;249.0;1.0;THANH
0;25;1920;249.0;1.0;HOA
0;25;1921;249.0;2.0;HIEN
0;25;1921;248.5;1.0;VY
0;25;1921;248.5;1.0;NHI
0;25;1921;249.0;1.0;HOA
0;25;1921;249.0;1.0;HAI
0;25;1921;249.0;1.0;HUNG
0;25;1921;248.5;1.0;HAU
0;25;1922;249.0;1.0;SONG
0;25;1671;299.0;1.0;MY
0;25;1985;2599.0;1.0;CUC
0;25;1986;2599.0;1.0;DAO 
0;25;1992;999.0;1.0;THANH
0;25;2307;2798.75;2.0;HOA
0;25;2308;799.0;1.0;HIEN
0;25;2308;799.0;1.0;VY
0;25;2308;799.0;3.0;NHI
0;25;2308;799.0;1.0;HOA
0;25;2308;799.0;1.0;HAI
0;25;2308;799.0;3.0;HUNG
0;25;2308;799.0;2.0;HAU
0;25;2308;799.0;2.0;SONG
0;25;2308;799.0;1.0;MY
0;25;2308;799.0;2.0;CUC
0;25;2308;799.0;2.0;DAO 
0;25;2308;799.0;1.0;THANH
0;25;2308;799.0;2.0;HOA
0;25;2308;799.0;1.0;HIEN
0;25;2308;799.0;1.0;VY
0;25;2308;799.0;1.0;NHI
0;25;2308;799.0;4.0;HOA
0;25;2308;799.0;1.0;HAI
0;25;2308;799.0;3.0;HUNG
0;25;2308;799.0;2.0;HAU
0;25;2309;2799.0;1.0;SONG
0;25;2309;2799.0;1.0;MY
0;25;2309;2799.0;1.0;CUC
0;25;2309;2799.0;1.0;DAO 
0;25;2307;2799.0;1.0;THANH
0;25;2307;2799.0;2.0;HOA
0;25;2307;2798.75;2.0;HIEN
0;25;2307;2798.5;1.0;VY
0;25;1992;999.0;1.0;NHI
0;25;1992;999.0;1.0;HOA
0;25;1763;249.0;1.0;HAI
0;25;1763;249.0;1.0;HUNG
0;25;2058;198.0;1.0;HAU
0;25;1776;299.0;1.0;SONG
0;25;1777;299.0;1.0;MY
0;25;1777;299.0;1.0;CUC
0;25;1777;299.0;1.0;DAO 
0;25;1777;299.0;1.0;THANH
0;25;2068;299.0;1.0;HOA
0;25;2068;299.0;1.0;HIEN
0;25;1916;249.0;1.0;VY
0;25;2067;1399.0;1.0;NHI
0;25;2302;1399.0;1.0;HOA
0;25;2330;599.0;0.0;HAI
0;25;2330;599.0;1.0;HUNG
0;25;2330;599.0;1.0;HAU
0;25;2304;1999.0;1.0;SONG
0;25;2304;1999.0;1.0;MY
0;25;2304;1999.0;1.0;CUC
0;25;2304;1999.0;1.0;DAO 
0;25;2304;1999.0;1.0;THANH
0;25;2307;2799.0;1.0;HOA
0;25;2307;2799.0;1.0;HIEN
0;25;2307;2799.0;1.0;VY
0;25;2247;849.5;1.0;NHI
0;25;1916;249.0;1.0;HOA
0;25;1916;249.0;1.0;HAI
0;25;1913;249.0;1.0;HUNG
0;25;1782;299.5;1.0;HAU
0;25;1782;599.0;1.0;SONG
0;25;1624;299.0;1.0;MY
0;25;1790;1799.0;1.0;CUC
0;25;1790;1798.5;1.0;DAO 
0;25;1800;274.5;1.0;THANH
0;25;1800;549.0;1.0;HOA
0;25;1800;549.0;1.0;HIEN
0;25;1800;274.5;1.0;VY
0;25;1800;549.0;1.0;NHI
0;25;1801;1499.0;1.0;HOA
0;25;1802;1499.0;1.0;HAI
0;25;1830;599.0;3.0;HUNG
0;25;1830;598.5;1.0;HAU
0;25;1830;599.0;2.0;SONG
0;25;1830;599.0;1.0;MY
0;25;1830;599.0;1.0;CUC
0;25;1830;599.0;1.0;DAO 
0;25;1830;599.0;1.0;THANH
0;25;1830;599.0;1.0;HOA
0;25;1830;599.0;1.0;HIEN
0;25;1830;599.0;1.0;VY
0;25;1830;599.0;2.0;NHI
0;25;1830;599.0;1.0;HOA
0;25;1830;599.0;1.0;HAI
0;25;1611;399.0;1.0;HUNG
0;25;1342;279.0;1.0;HAU
0;25;1342;279.0;1.0;SONG
0;25;1600;498.0;1.0;MY
0;25;1481;1999.0;1.0;CUC
0;25;1481;1999.0;1.0;DAO 
0;25;1481;1999.0;1.0;THANH
0;25;1481;1999.0;1.0;HOA
0;25;1481;1999.0;1.0;HIEN
0;25;1481;1999.0;1.0;VY
0;25;1481;1999.0;1.0;NHI
0;25;1482;549.0;1.0;HOA
0;25;1482;549.0;1.0;HAI
0;25;1523;799.0;1.0;HUNG
0;25;1523;799.0;1.0;HAU
0;25;1523;799.0;1.0;SONG
0;25;1830;599.0;1.0;MY
0;25;1524;2999.0;2.0;CUC
0;25;1524;2999.0;1.0;DAO 
0;25;1524;2999.0;1.0;THANH
0;25;1525;648.5;1.0;HOA
0;25;1528;648.75;2.0;HIEN
0;25;1528;649.0;1.0;VY
0;25;1593;1799.0;1.0;NHI
0;25;1593;1799.0;1.0;HOA
0;25;1597;469.0;1.0;HAI
0;25;1598;1999.0;1.0;HUNG
0;25;1598;1999.0;1.0;HAU
0;25;1598;1998.5;1.0;SONG
0;25;1598;1998.5;1.0;MY
0;25;1524;2999.0;1.0;CUC
0;25;1481;1999.0;1.0;DAO 
0;25;1832;1998.5;1.0;THANH
0;25;1833;1999.0;1.0;HOA
0;25;1897;249.0;1.0;HIEN
0;25;1897;249.0;1.0;VY
0;25;1897;249.0;1.0;NHI
0;25;1898;249.0;1.0;HOA
0;25;1901;249.0;1.0;HAI
0;25;1904;249.0;1.0;HUNG
0;25;1904;249.0;1.0;HAU
0;25;1904;249.0;1.0;SONG
0;25;1904;249.0;1.0;MY
0;25;1905;249.0;1.0;CUC
0;25;1905;249.0;1.0;DAO 
0;25;1908;249.0;1.0;THANH
0;25;1908;249.0;1.0;HOA
0;25;1908;249.0;1.0;HIEN
0;25;1908;249.0;1.0;VY
0;25;1911;249.0;1.0;NHI
0;25;1911;249.0;1.0;HOA
0;25;1911;249.0;1.0;HAI
0;25;1911;249.0;1.0;HUNG
0;25;1912;249.0;1.0;HAU
0;25;1912;249.0;1.0;SONG
0;25;1913;249.0;1.0;MY
0;25;1913;249.0;1.0;CUC
0;25;1913;249.0;1.0;DAO 
0;25;1913;249.0;1.0;THANH
0;25;1896;249.0;1.0;HOA
0;25;1894;599.0;1.0;HIEN
0;25;1894;598.5;1.0;VY
0;25;1889;598.5;2.0;NHI
0;25;1833;1999.0;1.0;HOA
0;25;1829;1499.0;2.0;HAI
0;25;1829;1499.0;1.0;HUNG
0;25;1829;1499.0;1.0;HAU
0;25;1829;1499.0;1.0;SONG
0;25;1829;1499.0;1.0;MY
0;25;1829;1499.0;1.0;CUC
0;25;1829;1499.0;1.0;DAO 
0;25;1835;1999.0;1.0;THANH
0;25;1835;1999.0;1.0;HOA
0;25;1835;1999.0;1.0;HIEN
0;25;1835;1999.0;1.0;VY
0;25;1832;1999.0;1.0;NHI
0;25;1836;1999.0;1.0;HOA
0;25;1837;2599.0;1.0;HAI
0;25;1869;799.0;1.0;HUNG
0;25;1869;799.0;1.0;HAU
0;25;1871;299.0;1.0;SONG
0;25;1871;299.0;1.0;MY
0;25;1871;299.0;1.0;CUC
0;25;1871;299.0;2.0;DAO 
0;25;1630;2299.0;1.0;THANH
0;25;1641;849.0;1.0;HOA
0;25;1646;749.0;1.0;HIEN
0;25;1651;1199.0;1.0;VY
0;25;1661;399.0;1.0;NHI
0;25;1836;1999.0;1.0;HOA
0;25;3286;299.0;1.0;HAI
0;25;3286;299.0;1.0;HUNG
0;25;3286;299.0;1.0;HAU
0;25;5256;399.5;2.0;SONG
0;25;5256;399.5;1.0;MY
0;25;5260;499.0;1.0;CUC
0;25;5260;272.22;1.0;DAO 
0;25;5261;1199.0;1.0;THANH
0;25;5261;1199.0;1.0;HOA
0;25;5261;1199.0;1.0;HIEN
0;25;5261;1199.0;1.0;VY
0;25;5261;1199.0;2.0;NHI
0;25;5263;499.0;1.0;HOA
0;25;5275;1699.0;1.0;HAI
0;25;5275;1699.0;1.0;HUNG
0;25;5275;1699.0;1.0;HAU
0;25;5275;1699.0;1.0;SONG
0;25;5275;1699.0;1.0;MY
0;25;5275;1699.0;1.0;CUC
0;25;5275;1699.0;1.0;DAO 
0;25;5275;1699.0;1.0;THANH
0;25;5275;1699.0;1.0;HOA
0;25;5275;1699.0;1.0;HIEN
0;25;5275;1699.0;1.0;VY
0;25;5275;1699.0;1.0;NHI
0;25;5272;599.0;2.0;HOA
0;25;5272;599.0;3.0;HAI
0;25;5272;599.0;1.0;HUNG
0;25;5256;799.0;1.0;HAU
0;25;5272;599.0;1.0;SONG
0;25;5224;299.0;1.0;MY
0;25;4988;2599.0;1.0;CUC
0;25;4714;749.0;1.0;DAO 
0;25;4715;299.0;1.0;THANH
0;25;4968;199.0;1.0;HOA
0;25;5092;449.0;1.0;HIEN
0;25;5092;449.0;1.0;VY
0;25;5092;449.0;1.0;NHI
0;25;5092;449.0;1.0;HOA
0;25;5095;499.0;1.0;HAI
0;25;5101;399.0;1.0;HUNG
0;25;5115;1049.0;1.0;HAU
0;25;5125;1099.0;1.0;SONG
0;25;5126;449.0;1.0;MY
0;25;5128;449.0;1.0;CUC
0;25;5145;449.0;1.0;DAO 
0;25;5145;449.0;1.0;THANH
0;25;5155;399.0;1.0;HOA
0;25;5168;399.0;1.0;HIEN
0;25;5168;399.0;1.0;VY
0;25;5179;349.0;1.0;NHI
0;25;5195;449.0;1.0;HOA
0;25;5197;599.0;1.0;HAI
0;25;5197;599.0;1.0;HUNG
0;25;5198;599.0;1.0;HAU
0;25;4975;1249.0;1.0;SONG
0;25;4982;299.0;1.0;MY
0;25;5224;299.0;1.0;CUC
0;25;5272;599.0;1.0;DAO 
0;25;5272;599.0;1.0;THANH
0;25;5272;326.78;1.0;HOA
0;25;5313;449.0;1.0;HIEN
0;25;5324;299.0;1.0;VY
0;25;5324;299.0;1.0;NHI
0;25;5324;299.0;1.0;HOA
0;25;5324;299.0;1.0;HAI
0;25;5324;299.0;1.0;HUNG
0;25;5324;299.0;2.0;HAU
0;25;5406;349.0;1.0;SONG
0;25;5406;349.0;1.0;MY
0;25;5406;349.0;1.0;CUC
0;25;5328;299.0;1.0;DAO 
0;25;5334;279.0;1.0;THANH
0;25;5341;899.0;1.0;HOA
0;25;5343;299.0;1.0;HIEN
0;25;5343;299.0;1.0;VY
0;25;5343;299.0;1.0;NHI
0;25;5343;299.0;1.0;HOA
0;25;5343;299.0;1.0;HAI
0;25;5343;299.0;1.0;HUNG
0;25;5343;299.0;1.0;HAU
0;25;5343;299.0;1.0;SONG
0;25;5344;299.0;1.0;MY
0;25;5346;299.0;1.0;CUC
0;25;5346;299.0;1.0;DAO 
0;25;5348;299.0;1.0;THANH
0;25;5306;299.0;1.0;HOA
0;25;5306;299.0;1.0;HIEN
0;25;5384;3390.0;1.0;VY
0;25;5378;2990.0;1.0;NHI
0;25;5273;1999.0;2.0;HOA
0;25;5273;1999.0;2.0;HAI
0;25;5273;2599.0;1.0;HUNG
0;25;5273;1999.0;1.0;HAU
0;25;5274;1999.0;1.0;SONG
0;25;5031;1399.0;1.0;MY
0;25;5031;1399.0;1.0;CUC
0;25;5032;1199.0;1.0;DAO 
0;25;5033;1998.5;1.0;THANH
0;25;5033;2599.0;1.0;HOA
0;25;5033;1999.0;1.0;HIEN
0;25;5033;1999.0;1.0;VY
0;25;4713;1499.0;1.0;NHI
0;25;5033;1999.0;1.0;HOA
0;25;5034;1989.0;0.0;HAI
0;25;5034;1999.0;1.0;HUNG
0;25;5034;1999.0;1.0;HAU
0;25;5287;1759.0;1.0;SONG
0;25;5051;299.0;1.0;MY
0;25;5288;1999.0;1.0;CUC
0;25;5288;1999.0;1.0;DAO 
0;25;5060;299.0;1.0;THANH
0;25;5070;1590.0;1.0;HOA
0;25;5301;449.0;1.0;HIEN
0;25;5364;2599.0;1.0;VY
0;25;5378;2990.0;1.0;NHI
0;25;5034;2599.0;1.0;HOA
0;25;4713;1399.0;1.0;HAI
0;25;4712;299.0;1.0;HUNG
0;25;4712;299.0;2.0;HAU
0;25;4832;1399.0;1.0;SONG
0;25;4832;1399.0;1.0;MY
0;25;4611;1399.0;1.0;CUC
0;25;4612;1649.0;1.0;DAO 
0;25;4614;349.0;1.0;THANH
0;25;4617;399.0;1.0;HOA
0;25;4620;449.0;1.0;HIEN
0;25;4625;749.0;1.0;VY
0;25;4627;299.0;1.0;NHI
0;25;4861;8490.0;1.0;HOA
0;25;4632;199.0;1.0;HAI
0;25;4652;349.0;1.0;HUNG
0;25;4657;499.0;1.0;HAU
0;25;4884;299.0;1.0;SONG
0;25;4680;349.0;1.0;MY
0;25;4885;1498.5;1.0;CUC
0;25;4885;1499.0;1.0;DAO 
0;25;4885;899.0;1.0;THANH
0;25;4885;899.0;2.0;HOA
0;25;4885;899.0;1.0;HIEN
0;25;4885;899.0;1.0;VY
0;25;4885;899.0;1.0;NHI
0;25;4886;899.0;1.0;HOA
0;25;4886;899.0;1.0;HAI
0;25;4886;899.0;1.0;HUNG
0;25;4831;999.0;1.0;HAU
0;25;4831;999.0;1.0;SONG
0;25;4831;999.0;3.0;MY
0;25;4831;999.0;1.0;CUC
0;25;4792;1799.0;1.0;DAO 
0;25;4792;1799.0;1.0;THANH
0;25;4792;1799.0;1.0;HOA
0;25;4792;1799.0;1.0;HIEN
0;25;4792;1799.0;1.0;VY
0;25;4793;1799.0;1.0;NHI
0;25;4793;1799.0;1.0;HOA
0;25;4586;1799.0;1.0;HAI
0;25;4800;299.0;1.0;HUNG
0;25;4802;798.5;1.0;HAU
0;25;4809;599.0;1.0;SONG
0;25;4809;599.0;1.0;MY
0;25;4886;899.0;2.0;CUC
0;25;4809;599.0;1.0;DAO 
0;25;4810;1999.0;1.0;THANH
0;25;4810;1999.0;1.0;HOA
0;25;4810;1998.75;2.0;HIEN
0;25;4811;1999.0;1.0;VY
0;25;4811;1999.0;1.0;NHI
0;25;4811;1999.0;1.0;HOA
0;25;4811;1999.0;1.0;HAI
0;25;4814;899.0;1.0;HUNG
0;25;4814;899.0;1.0;HAU
0;25;4812;299.5;1.0;SONG
0;25;4598;299.0;1.0;MY
0;25;4831;999.0;1.0;CUC
0;25;4809;599.0;1.0;DAO 
0;25;5349;299.0;1.0;THANH
0;25;4886;899.0;1.0;HOA
0;25;4886;899.0;1.0;HIEN
0;25;4910;599.0;1.0;VY
0;25;4910;599.0;1.0;NHI
0;25;4910;299.5;1.0;HOA
0;25;4920;1372.0;1.0;HAI
0;25;4922;999.0;1.0;HUNG
0;25;4688;1499.0;1.0;HAU
0;25;4688;1499.0;1.0;SONG
0;25;4688;1499.0;1.0;MY
0;25;4691;699.0;1.0;CUC
0;25;4960;899.0;1.0;DAO 
0;25;4694;249.0;1.0;THANH
0;25;4697;249.0;1.0;HOA
0;25;4697;249.0;1.0;HIEN
0;25;4698;249.0;1.0;VY
0;25;4699;249.0;1.0;NHI
0;25;4700;249.0;1.0;HOA
0;25;4701;249.0;1.0;HAI
0;25;4701;249.0;1.0;HUNG
0;25;4702;299.0;1.0;HAU
0;25;4702;299.0;1.0;SONG
0;25;4703;249.0;1.0;MY
0;25;4703;249.0;1.0;CUC
0;25;4712;299.0;1.0;DAO 
0;25;4712;299.0;1.0;THANH
0;25;4712;299.0;1.0;HOA
0;25;4910;599.0;1.0;HIEN
0;25;4907;1499.0;2.0;VY
0;25;4907;1499.0;1.0;NHI
0;25;4907;1799.0;1.0;HOA
0;25;4886;899.0;1.0;HAI
0;25;4886;899.0;1.0;HUNG
0;25;4886;898.5;1.0;HAU
0;25;4886;898.5;1.0;SONG
0;25;4886;899.0;2.0;MY
0;25;4886;898.5;1.0;CUC
0;25;4886;899.0;1.0;DAO 
0;25;4890;799.0;1.0;THANH
0;25;4906;1799.0;1.0;HOA
0;25;4906;1799.0;1.0;HIEN
0;25;4906;1799.0;1.0;VY
0;25;4906;1799.0;1.0;NHI
0;25;4886;899.0;1.0;HOA
0;25;4906;1799.0;2.0;HAI
0;25;4906;1799.0;1.0;HUNG
0;25;4906;1799.0;1.0;HAU
0;25;4906;1499.0;1.0;SONG
0;25;4906;1499.0;1.0;MY
0;25;4907;1799.0;2.0;CUC
0;25;4907;1799.0;1.0;DAO 
0;25;4907;1799.0;1.0;THANH
0;25;4907;1799.0;1.0;HOA
0;25;4907;1799.0;1.0;HIEN
0;25;4907;1799.0;1.0;VY
0;25;4907;1799.0;1.0;NHI
0;25;4907;1799.0;1.0;HOA
0;25;4906;1799.0;1.0;HAI
0;25;4791;799.0;1.0;HUNG
0;25;5350;299.0;1.0;HAU
0;25;5416;149.0;1.0;SONG
0;25;5627;2390.0;2.0;MY
0;25;5629;2390.0;1.0;CUC
0;25;5629;2390.0;1.0;DAO 
0;25;5629;2390.0;1.0;THANH
0;25;5629;2390.0;1.0;HOA
0;25;5629;2390.0;1.0;HIEN
0;25;5629;2390.0;1.0;VY
0;25;5629;2390.0;1.0;NHI
0;25;5632;2390.0;1.0;HOA
0;25;5632;2390.0;1.0;HAI
0;25;5635;2390.0;1.0;HUNG
0;25;5641;2390.0;1.0;HAU
0;25;5643;2390.0;1.0;SONG
0;25;5643;2390.0;1.0;MY
0;25;5643;2390.0;1.0;CUC
0;25;5643;2390.0;1.0;DAO 
0;25;5643;2390.0;1.0;THANH
0;25;5643;2390.0;1.0;HOA
0;25;5651;5490.0;0.0;HIEN
0;25;5649;2190.0;1.0;VY
0;25;5652;2490.0;1.0;NHI
0;25;5941;299.0;1.0;HOA
0;25;5945;279.0;1.0;HAI
0;25;5945;279.0;1.0;HUNG
0;25;5945;279.0;1.0;HAU
0;25;5627;2390.0;1.0;SONG
0;25;5946;299.0;1.0;MY
0;25;5623;699.0;1.0;CUC
0;25;5613;6190.0;1.0;DAO 
0;25;5576;2490.0;1.0;THANH
0;25;5578;1099.0;1.0;HOA
0;25;5581;699.0;1.0;HIEN
0;25;5582;699.0;1.0;VY
0;25;5583;699.0;1.0;NHI
0;25;5591;1890.0;1.0;HOA
0;25;5591;1890.0;1.0;HAI
0;25;5591;1890.0;1.0;HUNG
0;25;5591;1990.0;1.0;HAU
0;25;5592;3490.0;1.0;SONG
0;25;5592;3490.0;1.0;MY
0;25;5594;1190.0;1.0;CUC
0;25;5595;599.0;1.0;DAO 
0;25;5596;299.0;1.0;THANH
0;25;5599;1190.0;1.0;HOA
0;25;5601;419.3;1.0;HIEN
0;25;5601;599.0;1.0;VY
0;25;5604;489.3;1.0;NHI
0;25;5604;699.0;1.0;HOA
0;25;5587;199.0;1.0;HAI
0;25;5587;199.0;1.0;HUNG
0;25;5587;199.0;1.0;HAU
0;25;5588;149.0;1.0;SONG
0;25;5610;1990.0;1.0;MY
0;25;5612;3990.0;1.0;CUC
0;25;5623;699.0;1.0;DAO 
0;25;5946;299.0;1.0;THANH
0;25;5955;1049.0;1.0;HOA
0;25;5970;749.0;1.0;HIEN
0;25;6093;349.0;1.0;VY
0;25;6093;349.0;1.0;NHI
0;25;6095;1699.0;1.0;HOA
0;25;6019;299.0;1.0;HAI
0;25;6027;299.0;1.0;HUNG
0;25;6027;299.0;1.0;HAU
0;25;6027;299.0;1.0;SONG
0;25;6033;1399.0;1.0;MY
0;25;6033;1399.0;1.0;CUC
0;25;6036;1399.0;1.0;DAO 
0;25;6122;2499.0;1.0;THANH
0;25;6122;2498.5;1.0;HOA
0;25;6122;2499.0;2.0;HIEN
0;25;6122;2499.0;1.0;VY
0;25;6122;2499.0;1.0;NHI
0;25;6122;2499.0;1.0;HOA
0;25;6123;2499.0;1.0;HAI
0;25;6131;549.0;1.0;HUNG
0;25;6139;1499.0;1.0;HAU
0;25;6143;899.0;1.0;SONG
0;25;6143;899.0;1.0;MY
0;25;6144;299.5;1.0;CUC
0;25;6144;299.5;1.0;DAO 
0;25;6144;299.5;1.0;THANH
0;25;6045;299.0;1.0;HOA
0;25;6080;1999.0;1.0;HIEN
0;25;6078;899.0;1.0;VY
0;25;6078;899.0;1.0;NHI
0;25;6078;899.0;1.0;HOA
0;25;5976;349.0;1.0;HAI
0;25;5994;298.0;2.0;HUNG
0;25;5994;149.0;1.0;HAU
0;25;5994;149.0;1.0;SONG
0;25;5994;298.0;1.0;MY
0;25;5994;149.0;1.0;CUC
0;25;5992;499.0;1.0;DAO 
0;25;5992;499.0;1.0;THANH
0;25;5992;499.0;2.0;HOA
0;25;5992;499.0;1.0;HIEN
0;25;6000;299.0;1.0;VY
0;25;6000;299.0;2.0;NHI
0;25;5575;1090.0;1.0;HOA
0;25;6000;299.0;1.0;HAI
0;25;6000;299.0;1.0;HUNG
0;25;6000;299.0;1.0;HAU
0;25;6004;299.0;1.0;SONG
0;25;6009;1999.0;1.0;MY
0;25;6072;899.0;1.0;CUC
0;25;6072;899.0;1.0;DAO 
0;25;6076;299.5;1.0;THANH
0;25;6076;599.0;1.0;HOA
0;25;6077;899.0;1.0;HIEN
0;25;6077;899.0;1.0;VY
0;25;6077;899.0;1.0;NHI
0;25;6078;899.0;1.0;HOA
0;25;6000;299.0;1.0;HAI
0;25;5575;550.01;1.0;HUNG
0;25;5574;899.0;2.0;HAU
0;25;5574;899.0;1.0;SONG
0;25;5501;3399.0;1.0;MY
0;25;5506;1749.0;1.0;CUC
0;25;5506;1749.0;1.0;DAO 
0;25;5506;1799.0;1.0;THANH
0;25;5508;299.0;1.0;HOA
0;25;5786;299.0;1.0;HIEN
0;25;5786;299.0;1.0;VY
0;25;5787;299.0;1.0;NHI
0;25;5787;299.0;1.0;HOA
0;25;5788;299.0;1.0;HAI
0;25;5790;249.0;1.0;HUNG
0;25;5791;249.0;1.0;HAU
0;25;5792;299.0;1.0;SONG
0;25;5793;299.0;1.0;MY
0;25;5796;299.0;1.0;CUC
0;25;5800;299.0;1.0;DAO 
0;25;5802;299.0;1.0;THANH
0;25;5802;299.0;1.0;HOA
0;25;5806;98.0;1.0;HIEN
0;25;5808;299.0;2.0;VY
0;25;5808;299.0;1.0;NHI
0;25;5810;299.0;1.0;HOA
0;25;5811;199.0;1.0;HAI
0;25;5811;199.0;1.0;HUNG
0;25;5811;199.0;1.0;HAU
0;25;5497;2999.0;1.0;SONG
0;25;5497;2999.0;1.0;MY
0;25;5487;849.0;1.0;CUC
0;25;5487;849.0;1.0;DAO 
0;25;5417;2750.0;1.0;THANH
0;25;5418;1815.0;1.0;HOA
0;25;5427;4620.0;1.0;HIEN
0;25;5712;1590.0;1.0;VY
0;25;5735;299.5;1.0;NHI
0;25;5735;299.5;1.0;HOA
0;25;5735;599.0;1.0;HAI
0;25;5438;349.0;1.0;HUNG
0;25;5443;299.0;1.0;HAU
0;25;5446;299.0;1.0;SONG
0;25;5448;299.0;1.0;MY
0;25;5448;299.0;1.0;CUC
0;25;5820;1999.0;1.0;DAO 
0;25;5452;2990.0;1.0;THANH
0;25;5454;279.0;1.0;HOA
0;25;5756;590.0;1.0;HIEN
0;25;5457;299.0;1.0;VY
0;25;5459;299.0;1.0;NHI
0;25;5459;299.0;1.0;HOA
0;25;5459;299.0;1.0;HAI
0;25;5460;849.0;1.0;HUNG
0;25;5460;849.0;1.0;HAU
0;25;5460;849.0;1.0;SONG
0;25;5464;849.0;1.0;MY
0;25;5464;849.0;1.0;CUC
0;25;5475;2449.0;1.0;DAO 
0;25;5753;3490.0;1.0;THANH
0;25;5350;299.0;1.0;HOA
0;25;5821;599.0;1.0;HIEN
0;25;5822;999.0;1.0;VY
0;25;5549;1549.0;1.0;NHI
0;25;5922;349.0;1.0;HOA
0;25;5916;649.0;1.0;HAI
0;25;5916;649.0;1.0;HUNG
0;25;5918;2799.0;1.0;HAU
0;25;5571;799.0;1.0;SONG
0;25;5571;699.0;1.0;MY
0;25;5572;1590.0;2.0;CUC
0;25;5572;1590.0;2.0;DAO 
0;25;5572;1590.0;1.0;THANH
0;25;5572;1589.5;1.0;HOA
0;25;5572;1590.0;1.0;HIEN
0;25;5572;1590.0;1.0;VY
0;25;5572;1590.0;1.0;NHI
0;25;5572;1590.0;2.0;HOA
0;25;5573;999.0;1.0;HAI
0;25;5573;999.0;1.0;HUNG
0;25;5573;849.0;2.0;HAU
0;25;5574;699.0;1.0;SONG
0;25;5574;699.0;1.0;MY
0;25;5574;699.0;3.0;CUC
0;25;5574;699.0;1.0;DAO 
0;25;5574;699.0;1.0;THANH
0;25;5574;699.0;1.0;HOA
0;25;5574;699.0;1.0;HIEN
0;25;5895;2199.0;1.0;VY
0;25;5895;2199.0;1.0;NHI
0;25;5894;999.0;1.0;HOA
0;25;5894;999.0;1.0;HAI
0;25;5822;999.0;1.0;HUNG
0;25;5822;999.0;2.0;HAU
0;25;5822;999.0;2.0;SONG
0;25;5822;999.0;1.0;MY
0;25;5823;2500.0;2.0;CUC
0;25;5525;299.0;1.0;DAO 
0;25;5848;349.0;1.0;THANH
0;25;5848;349.0;1.0;HOA
0;25;5848;349.0;1.0;HIEN
0;25;5862;1299.0;1.0;VY
0;25;5865;1799.0;1.0;NHI
0;25;5867;1849.0;1.0;HOA
0;25;5822;999.0;2.0;HAI
0;25;5869;1499.0;1.0;HUNG
0;25;5870;1499.0;1.0;HAU
0;25;5871;799.0;1.0;SONG
0;25;5871;799.0;1.0;MY
0;25;5871;799.0;1.0;CUC
0;25;5537;899.0;1.0;DAO 
0;25;5538;299.0;1.0;THANH
0;25;5542;499.0;1.0;HOA
0;25;5892;999.0;1.0;HIEN
0;25;5892;999.0;1.0;VY
0;25;5892;999.0;1.0;NHI
0;25;5892;999.0;1.0;HOA
0;25;5892;999.0;1.0;HAI
0;25;5869;1499.0;1.0;HUNG
0;25;785;349.0;1.0;HAU
0;25;4790;599.0;1.0;SONG
0;25;4790;599.0;1.0;MY
0;25;3702;598.5;1.0;CUC
0;25;3705;1499.0;1.0;DAO 
0;25;3705;1499.0;2.0;THANH
0;25;3705;1499.0;1.0;HOA
0;25;3705;1499.0;1.0;HIEN
0;25;3705;1499.0;1.0;VY
0;25;3705;1499.0;1.0;NHI
0;25;3705;1499.0;1.0;HOA
0;25;3705;1499.0;1.0;HAI
0;25;3705;1499.0;1.0;HUNG
0;25;3705;1499.0;1.0;HAU
0;25;3718;349.0;1.0;SONG
0;25;3718;349.0;2.0;MY
0;25;3718;349.0;2.0;CUC
0;25;3718;349.0;1.0;DAO 
0;25;3718;349.0;1.0;THANH
0;25;3718;349.0;1.0;HOA
0;25;3718;349.0;1.0;HIEN
0;25;3719;599.0;1.0;VY
0;25;3719;599.0;1.0;NHI
0;25;3719;598.75;2.0;HOA
0;25;3719;598.75;2.0;HAI
0;25;3719;599.0;1.0;HUNG
0;25;3719;599.0;1.0;HAU
0;25;3743;799.0;1.0;SONG
0;25;3702;599.0;1.0;MY
0;25;3743;798.5;1.0;CUC
0;25;3702;598.75;2.0;DAO 
0;25;3612;299.0;1.0;THANH
0;25;3578;299.0;1.0;HOA
0;25;3580;299.0;1.0;HIEN
0;25;3676;2199.0;1.0;VY
0;25;3676;2199.0;1.0;NHI
0;25;3679;249.0;1.0;HOA
0;25;3679;249.0;1.0;HAI
0;25;3582;149.0;1.0;HUNG
0;25;3591;1199.0;1.0;HAU
0;25;3593;1199.0;1.0;SONG
0;25;3603;199.0;1.0;MY
0;25;3686;899.0;1.0;CUC
0;25;3686;899.0;1.0;DAO 
0;25;3686;899.0;2.0;THANH
0;25;3686;899.0;1.0;HOA
0;25;3686;899.0;1.0;HIEN
0;25;3686;899.0;1.0;VY
0;25;3686;899.0;1.0;NHI
0;25;3686;899.0;1.0;HOA
0;25;3686;899.0;1.0;HAI
0;25;3686;899.0;1.0;HUNG
0;25;3693;299.5;1.0;HAU
0;25;3698;599.0;1.0;SONG
0;25;3698;599.0;1.0;MY
0;25;3610;299.0;1.0;CUC
0;25;3612;299.0;1.0;DAO 
0;25;3612;299.0;1.0;THANH
0;25;3743;799.0;1.0;HOA
0;25;3743;799.0;1.0;HIEN
0;25;3747;1699.0;1.0;VY
0;25;3851;899.0;1.0;NHI
0;25;3851;899.0;2.0;HOA
0;25;3851;899.0;1.0;HAI
0;25;3851;899.0;1.0;HUNG
0;25;3851;898.5;1.0;HAU
0;25;3851;899.0;1.0;SONG
0;25;3851;899.0;3.0;MY
0;25;3799;899.0;1.0;CUC
0;25;3801;299.0;1.0;DAO 
0;25;3810;279.0;1.0;THANH
0;25;3811;299.0;1.0;HOA
0;25;3869;2498.75;2.0;HIEN
0;25;3869;2499.0;1.0;VY
0;25;3869;2499.0;1.0;NHI
0;25;3869;2499.0;1.0;HOA
0;25;3869;2499.0;1.0;HAI
0;25;3869;2499.0;1.0;HUNG
0;25;3869;2499.0;1.0;HAU
0;25;3869;2499.0;1.0;SONG
0;25;3869;2499.0;2.0;MY
0;25;3870;598.75;2.0;CUC
0;25;3870;599.0;2.0;DAO 
0;25;3870;599.0;1.0;THANH
0;25;3870;599.0;2.0;HOA
0;25;3870;599.0;2.0;HIEN
0;25;3851;899.0;1.0;VY
0;25;3851;899.0;1.0;NHI
0;25;3851;899.0;1.0;HOA
0;25;3776;4849.0;1.0;HAI
0;25;3617;299.0;1.0;HUNG
0;25;3618;299.0;1.0;HAU
0;25;3619;449.0;1.0;SONG
0;25;3620;299.0;2.0;MY
0;25;3620;299.0;1.0;CUC
0;25;3620;299.0;1.0;DAO 
0;25;3622;299.0;1.0;THANH
0;25;3622;299.0;2.0;HOA
0;25;3622;299.0;4.0;HIEN
0;25;3622;299.0;1.0;VY
0;25;3622;299.0;1.0;NHI
0;25;3624;299.0;1.0;HOA
0;25;3577;299.0;1.0;HAI
0;25;3624;299.0;2.0;HUNG
0;25;3650;649.0;1.0;HAU
0;25;3651;199.0;1.0;SONG
0;25;3652;199.0;1.0;MY
0;25;3653;1299.0;1.0;CUC
0;25;3834;2199.0;1.0;DAO 
0;25;3834;2199.0;1.0;THANH
0;25;3834;2199.0;1.0;HOA
0;25;3834;2199.0;1.0;HIEN
0;25;3834;2199.0;1.0;VY
0;25;3834;2199.0;1.0;NHI
0;25;3834;2199.0;1.0;HOA
0;25;3773;299.0;1.0;HAI
0;25;3647;399.0;1.0;HUNG
0;25;3577;299.0;1.0;HAU
0;25;3576;299.0;1.0;SONG
0;25;3569;298.0;1.0;MY
0;25;3325;1199.0;1.0;CUC
0;25;3325;1199.0;1.0;DAO 
0;25;3325;1199.0;2.0;THANH
0;25;3325;1199.0;1.0;HOA
0;25;3325;1199.0;1.0;HIEN
0;25;3325;799.0;2.0;VY
0;25;3325;799.0;1.0;NHI
0;25;3326;1699.0;1.0;HOA
0;25;3326;1699.0;1.0;HAI
0;25;3326;1699.0;1.0;HUNG
0;25;3326;1699.0;1.0;HAU
0;25;3327;1499.0;1.0;SONG
0;25;3328;1999.0;1.0;MY
0;25;3328;1999.0;2.0;CUC
0;25;3328;1999.0;2.0;DAO 
0;25;3328;2599.0;1.0;THANH
0;25;3328;2599.0;1.0;HOA
0;25;3328;1999.0;3.0;HIEN
0;25;3328;1999.0;3.0;VY
0;25;3328;1999.0;1.0;NHI
0;25;3328;1999.0;1.0;HOA
0;25;3328;1999.0;1.0;HAI
0;25;3328;1999.0;2.0;HUNG
0;25;3328;1999.0;1.0;HAU
0;25;3328;1999.0;1.0;SONG
0;25;3325;1199.0;1.0;MY
0;25;3320;1999.0;1.0;CUC
0;25;3320;1999.0;1.0;DAO 
0;25;3320;1999.0;1.0;THANH
0;25;3286;299.0;2.0;HOA
0;25;3286;299.0;1.0;HIEN
0;25;3286;299.0;2.0;VY
0;25;3286;299.0;1.0;NHI
0;25;3286;299.0;1.0;HOA
0;25;3286;299.0;1.0;HAI
0;25;3289;1399.0;1.0;HUNG
0;25;3289;1399.0;1.0;HAU
0;25;3292;349.0;1.0;SONG
0;25;3294;399.0;1.0;MY
0;25;3295;349.0;1.0;CUC
0;25;3296;349.0;1.0;DAO 
0;25;3328;1999.0;2.0;THANH
0;25;3470;349.0;1.0;HOA
0;25;3298;199.0;1.0;HIEN
0;25;3307;299.0;1.0;VY
0;25;3307;299.0;1.0;NHI
0;25;3307;299.0;1.0;HOA
0;25;3317;999.0;1.0;HAI
0;25;3317;999.0;1.0;HUNG
0;25;3320;1999.0;1.0;HAU
0;25;3320;1999.0;1.0;SONG
0;25;3320;1999.0;1.0;MY
0;25;3320;2599.0;1.0;CUC
0;25;3320;2599.0;1.0;DAO 
0;25;3320;1999.0;1.0;THANH
0;25;3470;349.0;1.0;HOA
0;25;3870;599.0;4.0;HIEN
0;25;3328;1999.0;1.0;VY
0;25;3328;1999.0;1.0;NHI
0;25;3367;1999.0;1.0;HOA
0;25;3367;1199.0;1.0;HAI
0;25;3476;1199.0;1.0;HUNG
0;25;3476;1199.0;1.0;HAU
0;25;3476;1199.0;1.0;SONG
0;25;3509;349.0;1.0;MY
0;25;3528;1690.0;1.0;CUC
0;25;3379;299.0;1.0;DAO 
0;25;3533;999.0;1.0;THANH
0;25;3533;999.0;3.0;HOA
0;25;3533;999.0;2.0;HIEN
0;25;3533;999.0;1.0;VY
0;25;3533;999.0;1.0;NHI
0;25;3533;999.0;1.0;HOA
0;25;3533;999.0;2.0;HAI
0;25;3533;999.0;1.0;HUNG
0;25;3384;299.0;1.0;HAU
0;25;3540;649.0;1.0;SONG
0;25;3541;1699.0;1.0;MY
0;25;3554;2199.0;1.0;CUC
0;25;3554;2199.0;1.0;DAO 
0;25;3554;2199.0;1.0;THANH
0;25;3556;2199.0;1.0;HOA
0;25;3556;2198.5;1.0;HIEN
0;25;3562;349.0;1.0;VY
0;25;3367;1999.0;1.0;NHI
0;25;3366;1199.0;1.0;HOA
0;25;3366;1199.0;1.0;HAI
0;25;3366;1198.5;1.0;HUNG
0;25;3328;1999.0;1.0;HAU
0;25;3328;1999.0;1.0;SONG
0;25;3321;1999.0;5.0;MY
0;25;3321;1999.0;1.0;CUC
0;25;3321;1999.0;1.0;DAO 
0;25;3321;1998.75;2.0;THANH
0;25;3321;1999.0;2.0;HOA
0;25;3321;1998.75;2.0;HIEN
0;25;3321;2599.0;1.0;VY
0;25;3321;1999.0;1.0;NHI
0;25;3321;1998.5;1.0;HOA
0;25;3321;1999.0;1.0;HAI
0;25;3328;1999.0;1.0;HUNG
0;25;3321;1999.0;1.0;HAU
0;25;3321;1999.0;1.0;SONG
0;25;3321;1999.0;2.0;MY
0;25;3321;1999.0;1.0;CUC
0;25;3322;1199.0;1.0;DAO 
0;25;3322;1199.0;1.0;THANH
0;25;3323;1999.0;3.0;HOA
0;25;3323;1999.0;1.0;HIEN
0;25;3323;1999.0;1.0;VY
0;25;3323;1998.5;1.0;NHI
0;25;3362;1199.0;1.0;HOA
0;25;3362;799.0;1.0;HAI
0;25;3366;1199.0;2.0;HUNG
0;25;3321;1999.0;4.0;HAU
0;25;4790;599.0;1.0;SONG
0;25;3870;599.0;2.0;MY
0;25;3870;599.0;2.0;CUC
0;25;4331;1999.0;1.0;DAO 
0;25;4332;449.0;1.0;THANH
0;25;4332;449.0;1.0;HOA
0;25;4464;299.5;1.0;HIEN
0;25;4464;299.5;1.0;VY
0;25;4464;299.5;1.0;NHI
0;25;4464;299.5;1.0;HOA
0;25;4464;299.5;1.0;HAI
0;25;4366;449.0;1.0;HUNG
0;25;4370;599.0;1.0;HAU
0;25;4370;599.0;1.0;SONG
0;25;4370;599.0;1.0;MY
0;25;4370;599.0;1.0;CUC
0;25;4370;599.0;1.0;DAO 
0;25;4371;1799.0;1.0;THANH
0;25;4371;1799.0;1.0;HOA
0;25;4371;1799.0;1.0;HIEN
0;25;4371;1799.0;1.0;VY
0;25;4372;1999.0;1.0;NHI
0;25;4372;1999.0;2.0;HOA
0;25;4372;1999.0;1.0;HAI
0;25;4372;1999.0;1.0;HUNG
0;25;4372;1999.0;1.0;HAU
0;25;4373;1999.0;1.0;SONG
0;25;4373;1999.0;3.0;MY
0;25;4330;1799.0;1.0;CUC
0;25;4373;1999.0;1.0;DAO 
0;25;4330;1799.0;1.0;THANH
0;25;4462;649.0;1.0;HOA
0;25;4093;899.0;0.0;HIEN
0;25;4093;899.0;1.0;VY
0;25;4095;299.0;1.0;NHI
0;25;4100;399.0;1.0;HOA
0;25;4105;299.0;1.0;HAI
0;25;4110;299.0;1.0;HUNG
0;25;4110;299.0;1.0;HAU
0;25;4112;649.0;1.0;SONG
0;25;4112;649.0;1.0;MY
0;25;4117;2349.0;1.0;CUC
0;25;4124;249.0;1.0;DAO 
0;25;4277;1299.0;1.0;THANH
0;25;4282;549.0;1.0;HOA
0;25;4282;549.0;1.0;HIEN
0;25;4282;549.0;1.0;VY
0;25;4287;149.0;1.0;NHI
0;25;4287;149.0;1.0;HOA
0;25;4300;349.0;1.0;HAI
0;25;4300;349.0;1.0;HUNG
0;25;4458;1200.0;1.0;HAU
0;25;4307;1349.0;1.0;SONG
0;25;4320;549.0;1.0;MY
0;25;4320;549.0;1.0;CUC
0;25;4321;549.0;1.0;DAO 
0;25;4325;349.0;1.0;THANH
0;25;4330;1799.0;1.0;HOA
0;25;4375;449.0;1.0;HIEN
0;25;4384;13499.0;1.0;VY
0;25;4410;299.0;1.0;NHI
0;25;4723;299.5;1.0;HOA
0;25;4723;599.0;1.0;HAI
0;25;4724;1399.0;1.0;HUNG
0;25;4724;1399.0;1.0;HAU
0;25;4724;1398.5;1.0;SONG
0;25;4548;2990.0;1.0;MY
0;25;4551;299.0;1.0;CUC
0;25;4565;299.0;1.0;DAO 
0;25;4773;799.0;1.0;THANH
0;25;4779;499.0;1.0;HOA
0;25;4779;499.0;1.0;HIEN
0;25;4779;499.0;1.0;VY
0;25;4779;499.0;1.0;NHI
0;25;4779;499.0;1.0;HOA
0;25;4779;499.0;1.0;HAI
0;25;4779;499.0;1.0;HUNG
0;25;4779;499.0;1.0;HAU
0;25;4780;1199.0;1.0;SONG
0;25;4780;1199.0;1.0;MY
0;25;4781;1199.0;1.0;CUC
0;25;4790;599.0;1.0;DAO 
0;25;4790;599.0;1.0;THANH
0;25;4790;599.0;1.0;HOA
0;25;4790;599.0;1.0;HIEN
0;25;4790;599.0;1.0;VY
0;25;4723;599.0;1.0;NHI
0;25;4723;599.0;1.0;HOA
0;25;4518;599.0;1.0;HAI
0;25;4511;1299.0;1.0;HUNG
0;25;4420;299.0;1.0;HAU
0;25;4420;299.0;1.0;SONG
0;25;4421;299.0;1.0;MY
0;25;4421;299.0;1.0;CUC
0;25;4421;299.0;1.0;DAO 
0;25;4474;899.0;1.0;THANH
0;25;4474;898.5;1.0;HOA
0;25;4475;599.0;1.0;HIEN
0;25;4475;598.5;1.0;VY
0;25;4475;599.0;1.0;NHI
0;25;4481;1699.0;2.0;HOA
0;25;4481;1699.0;1.0;HAI
0;25;4093;899.0;1.0;HUNG
0;25;4476;1499.0;1.0;HAU
0;25;4482;2499.0;2.0;SONG
0;25;4482;2499.0;1.0;MY
0;25;4482;2499.0;1.0;CUC
0;25;4484;299.5;1.0;DAO 
0;25;4484;599.0;1.0;THANH
0;25;4487;1249.5;1.0;HOA
0;25;4443;299.0;1.0;HIEN
0;25;4445;299.0;1.0;VY
0;25;4446;299.0;1.0;NHI
0;25;4453;199.0;1.0;HOA
0;25;4506;299.0;1.0;HAI
0;25;4510;299.0;1.0;HUNG
0;25;4476;1498.5;1.0;HAU
0;25;4092;299.0;1.0;SONG
0;25;4092;299.0;1.0;MY
0;25;4092;299.0;1.0;CUC
0;25;3960;299.0;1.0;DAO 
0;25;3965;299.0;1.0;THANH
0;25;3974;1449.0;1.0;HOA
0;25;3976;299.0;1.0;HIEN
0;25;3980;299.0;1.0;VY
0;25;3980;299.0;1.0;NHI
0;25;4029;349.0;1.0;HOA
0;25;4035;899.0;1.0;HAI
0;25;4036;299.5;1.0;HUNG
0;25;4037;249.0;1.0;HAU
0;25;4038;249.0;1.0;SONG
0;25;4038;249.0;1.0;MY
0;25;4039;249.0;1.0;CUC
0;25;4041;249.0;1.0;DAO 
0;25;3996;499.0;1.0;THANH
0;25;4006;299.0;1.0;HOA
0;25;4015;299.0;1.0;HIEN
0;25;4016;1349.0;1.0;VY
0;25;4068;299.0;1.0;NHI
0;25;4068;299.0;1.0;HOA
0;25;4068;299.0;1.0;HAI
0;25;4127;1190.0;1.0;HUNG
0;25;4127;1190.0;1.0;HAU
0;25;4147;2090.0;1.0;SONG
0;25;4147;2090.0;1.0;MY
0;25;3960;299.0;1.0;CUC
0;25;3954;949.0;1.0;DAO 
0;25;3953;249.0;1.0;THANH
0;25;3947;449.0;1.0;HOA
0;25;3870;599.0;1.0;HIEN
0;25;3870;599.0;2.0;VY
0;25;3870;599.0;1.0;NHI
0;25;3870;599.0;1.0;HOA
0;25;3870;599.0;1.0;HAI
0;25;3870;599.0;2.0;HUNG
0;25;3870;599.0;2.0;HAU
0;25;3870;599.0;1.0;SONG
0;25;3870;599.0;1.0;MY
0;25;3870;599.0;2.0;CUC
0;25;3871;2499.0;2.0;DAO 
0;25;3871;2499.0;1.0;THANH
0;25;4161;899.0;1.0;HOA
0;25;3871;2499.0;1.0;HIEN
0;25;3871;2499.0;1.0;VY
0;25;3876;999.0;1.0;NHI
0;25;3878;2999.0;1.0;HOA
0;25;3885;899.0;1.0;HAI
0;25;3826;299.0;1.0;HUNG
0;25;3897;399.0;1.0;HAU
0;25;3902;399.0;1.0;SONG
0;25;3902;399.0;1.0;MY
0;25;3903;299.0;1.0;CUC
0;25;3903;299.0;1.0;DAO 
0;25;3942;799.0;1.0;THANH
0;25;3942;399.5;1.0;HOA
0;25;3871;2499.0;1.0;HIEN
0;25;3870;599.0;2.0;VY
0;25;4161;899.0;1.0;NHI
0;25;4161;899.0;1.0;HOA
0;25;4248;1999.0;1.0;HAI
0;25;4248;1999.0;1.0;HUNG
0;25;4248;1999.0;1.0;HAU
0;25;4248;1999.0;1.0;SONG
0;25;4249;1894.87;0.0;MY
0;25;4249;1899.0;2.0;CUC
0;25;4249;1899.0;1.0;DAO 
0;25;4249;1899.0;1.0;THANH
0;25;4249;1899.0;2.0;HOA
0;25;4249;1899.0;1.0;HIEN
0;25;4249;1899.0;1.0;VY
0;25;4249;1899.0;1.0;NHI
0;25;4249;1899.0;1.0;HOA
0;25;4249;1899.0;1.0;HAI
0;25;4251;399.0;1.0;HUNG
0;25;4251;399.0;1.0;HAU
0;25;4251;399.0;1.0;SONG
0;25;4251;399.0;1.0;MY
0;25;4251;399.0;1.0;CUC
0;25;4251;399.0;1.0;DAO 
0;25;4252;599.0;1.0;THANH
0;25;4252;599.0;1.0;HOA
0;25;4252;599.0;1.0;HIEN
0;25;4265;299.0;1.0;VY
0;25;4092;299.0;1.0;NHI
0;25;4244;1999.0;1.0;HOA
0;25;4244;1999.0;1.0;HAI
0;25;4240;1999.0;1.0;HUNG
0;25;4240;1999.0;1.0;HAU
0;25;4161;899.0;1.0;SONG
0;25;4163;1590.0;2.0;MY
0;25;4163;1590.0;1.0;CUC
0;25;4163;1590.0;1.0;DAO 
0;25;4163;1590.0;2.0;THANH
0;25;4163;1590.0;1.0;HOA
0;25;4163;1590.0;1.0;HIEN
0;25;4163;1590.0;1.0;VY
0;25;4163;1431.0;2.0;NHI
0;25;4163;1590.0;1.0;HOA
0;25;4163;1590.0;1.0;HAI
0;25;4163;1590.0;2.0;HUNG
0;25;4161;899.0;2.0;HAU
0;25;4163;1590.0;1.0;SONG
0;25;4164;999.0;1.0;MY
0;25;4164;999.0;2.0;CUC
0;25;4211;1990.0;1.0;DAO 
0;25;4069;299.0;1.0;THANH
0;25;4075;299.0;1.0;HOA
0;25;4075;299.0;1.0;HIEN
0;25;4227;899.0;1.0;VY
0;25;4229;1498.49;1.0;NHI
0;25;4229;1499.0;1.0;HOA
0;25;4240;1999.0;1.0;HAI
0;25;4240;1999.0;1.0;HUNG
0;25;4240;1999.0;1.0;HAU
0;25;4164;999.0;1.0;SONG
0;25;6045;299.0;1.0;MY
0;25;785;349.0;2.0;CUC
0;25;715;149.0;1.0;DAO 
0;24;4481;1699.0;1.0;THANH
0;24;4476;1499.0;1.0;HOA
0;24;4482;2499.0;1.0;HIEN
0;24;4485;299.5;1.0;VY
0;24;4446;299.0;1.0;NHI
0;24;4723;299.5;1.0;HOA
0;24;4723;299.0;1.0;HAI
0;24;4724;1399.0;1.0;HUNG
0;24;4779;499.0;1.0;HAU
0;24;4573;299.0;1.0;SONG
0;24;4790;599.0;1.0;MY
0;24;4790;509.0;1.0;CUC
0;24;4800;299.0;1.0;DAO 
0;24;4800;299.0;1.0;THANH
0;24;4800;299.0;1.0;HOA
0;24;4807;1999.0;1.0;HIEN
0;24;4809;599.0;1.0;VY
0;24;4809;599.0;1.0;NHI
0;24;4809;1199.0;1.0;HOA
0;24;4809;599.0;1.0;HAI
0;24;4809;299.5;2.0;HUNG
0;24;4809;399.56;1.0;HAU
0;24;4814;899.0;1.0;SONG
0;24;4598;299.0;1.0;MY
0;24;4823;1999.0;1.0;CUC
0;24;4481;1699.0;1.0;DAO 
0;24;4610;299.0;1.0;THANH
0;24;4475;599.0;1.0;HOA
0;24;4421;299.0;1.0;HIEN
0;24;4211;1990.0;1.0;VY
0;24;4229;1498995;2.0;NHI
0;24;4240;1999.0;1.0;HOA
0;24;4248;1999.0;1.0;HAI
0;24;4248;1999.0;2.0;HUNG
0;24;4248;1999.0;1.0;HAU
0;24;4249;1899.0;1.0;SONG
0;24;4251;319.0;1.0;MY
0;24;4092;299.0;1.0;CUC
0;24;4092;299.0;1.0;DAO 
0;24;4293;299.0;1.0;THANH
0;24;4293;299.0;1.0;HOA
0;24;4325;349.0;1.0;HIEN
0;24;4325;296.0;1.0;VY
0;24;4325;349.0;1.0;NHI
0;24;4462;649.0;1.0;HOA
0;24;4332;449.0;1.0;HAI
0;24;4464;599.0;1.0;HUNG
0;24;4366;449.0;1.0;HAU
0;24;4371;1799.0;1.0;SONG
0;24;4371;1799.0;1.0;MY
0;24;4372;1999.0;1.0;CUC
0;24;4372;1999.0;1.0;DAO 
0;24;4373;1999.0;1.0;THANH
0;24;4376;1398.0;1.0;HOA
0;24;4422;899.0;1.0;HIEN
0;24;4612;1649.0;1.0;VY
0;24;4884;299.0;1.0;NHI
0;24;4885;898.5;1.0;HOA
0;24;5033;1999.0;1.0;HAI
0;24;5033;1998.5;1.0;HUNG
0;24;5034;1999.0;1.0;HAU
0;24;5068;2190.0;1.0;SONG
0;24;5068;2190.0;2.0;MY
0;24;5070;1590.0;1.0;CUC
0;24;5070;1590.0;1.0;DAO 
0;24;5070;1590.0;1.0;THANH
0;24;5301;449.0;1.0;HOA
0;24;5363;2199.0;1.0;HIEN
0;24;5364;2599.0;1.0;VY
0;24;5371;8290.0;1.0;NHI
0;24;5371;7590.0;1.0;HOA
0;24;5378;2990.0;1.0;HAI
0;24;5378;2990.0;1.0;HUNG
0;24;5378;2990.0;1.0;HAU
0;24;5378;2990.0;1.0;SONG
0;24;5378;2990.0;1.0;MY
0;24;5378;2990.0;1.0;CUC
0;24;5378;2990.0;1.0;DAO 
0;24;5384;3390.0;1.0;THANH
0;24;5306;299.0;1.0;HOA
0;24;5406;349.0;1.0;HIEN
0;24;5406;349.0;1.0;VY
0;24;5406;349.0;1.0;NHI
0;24;5032;1199.0;1.0;HOA
0;24;5031;1399.0;1.0;HAI
0;24;5274;1999.0;1.0;HUNG
0;24;5273;1999.0;1.0;HAU
0;24;4886;899.0;1.0;SONG
0;24;4887;899.0;1.0;MY
0;24;4901;1699.0;1.0;CUC
0;24;4920;1372.0;1.0;DAO 
0;24;4923;999.0;1.0;THANH
0;24;4923;999.0;1.0;HOA
0;24;4688;1499.0;1.0;HIEN
0;24;4691;699.0;1.0;VY
0;24;4691;699.0;1.0;NHI
0;24;4694;249.0;1.0;HOA
0;24;4694;249.0;1.0;HAI
0;24;4694;249.0;1.0;HUNG
0;24;4164;999.0;3.0;HAU
0;24;4694;249.0;1.0;SONG
0;24;4702;299.0;1.0;MY
0;24;5224;299.0;1.0;CUC
0;24;5228;299.0;1.0;DAO 
0;24;5228;299.0;1.0;THANH
0;24;5256;799.0;1.0;HOA
0;24;5260;499.0;1.0;HIEN
0;24;5260;499.0;1.0;VY
0;24;5262;1199.0;1.0;NHI
0;24;5275;1699.0;1.0;HOA
0;24;5272;599.0;1.0;HAI
0;24;5272;599.0;1.0;HUNG
0;24;5272;599.0;1.0;HAU
0;24;4696;249.0;1.0;SONG
0;24;5414;1199.0;1.0;MY
0;24;4164;999.0;3.0;CUC
0;24;4164;999.0;1.0;DAO 
0;24;3686;899.0;1.0;THANH
0;24;3615;299.0;1.0;HOA
0;24;3718;349.0;1.0;HIEN
0;24;3718;349.0;1.0;VY
0;24;3718;349.0;2.0;NHI
0;24;3718;349.0;1.0;HOA
0;24;3718;349.0;1.0;HAI
0;24;3719;599.0;1.0;HUNG
0;24;3719;599.0;1.0;HAU
0;24;3743;799.0;1.0;SONG
0;24;3622;299.0;1.0;MY
0;24;3647;399.0;1.0;CUC
0;24;3661;349.0;1.0;DAO 
0;24;3834;2199.0;1.0;THANH
0;24;3869;2499.0;1.0;HOA
0;24;3869;2499.0;1.0;HIEN
0;24;3870;599.0;1.0;VY
0;24;3870;599.0;1.0;NHI
0;24;3870;599.0;1.0;HOA
0;24;3870;599.0;2.0;HAI
0;24;3870;599.0;2.0;HUNG
0;24;3870;599.0;1.0;HAU
0;24;3870;599.0;1.0;SONG
0;24;3870;599.0;1.0;MY
0;24;3870;599.0;1.0;CUC
0;24;3686;899.0;1.0;DAO 
0;24;3870;599.0;1.0;THANH
0;24;3582;149.0;1.0;HOA
0;24;3665;449.0;1.0;HIEN
0;24;3325;799.0;2.0;VY
0;24;3325;799.0;1.0;NHI
0;24;3325;799.0;1.0;HOA
0;24;3325;799.0;1.0;HAI
0;24;3325;799.0;1.0;HUNG
0;24;3325;799.0;1.0;HAU
0;24;3326;1699.0;1.0;SONG
0;24;3326;1699.0;1.0;MY
0;24;3326;1699.0;1.0;CUC
0;24;3328;1999.0;1.0;DAO 
0;24;3328;2599.0;1.0;THANH
0;24;3328;1998.5;1.0;HOA
0;24;3321;1998.5;1.0;HIEN
0;24;3321;1999.0;1.0;VY
0;24;3321;1999.0;1.0;NHI
0;24;3321;1999.0;1.0;HOA
0;24;3362;1199.0;1.0;HAI
0;24;3366;1199.0;1.0;HUNG
0;24;3367;1999.0;1.0;HAU
0;24;3369;399.0;1.0;SONG
0;24;3527;199.0;1.0;MY
0;24;3528;1690.0;1.0;CUC
0;24;3533;999.0;1.0;DAO 
0;24;3554;2199.0;1.0;THANH
0;24;3556;2199.0;1.0;HOA
0;24;3665;449.0;1.0;HIEN
0;24;3871;2499.0;1.0;VY
0;24;3822;399.0;1.0;NHI
0;24;3890;58.0;1.0;HOA
0;24;4163;1590.0;1.0;HAI
0;24;4163;1590.0;1.0;HUNG
0;24;4163;1590.0;1.0;HAU
0;24;4163;1590.0;3.0;SONG
0;24;4163;1590.0;1.0;MY
0;24;4163;1590.0;1.0;CUC
0;24;4163;1590.0;1.0;DAO 
0;24;4163;1590.0;2.0;THANH
0;24;4163;1590.0;1.0;HOA
0;24;4163;1590.0;2.0;HIEN
0;24;4163;1590.0;1.0;VY
0;24;4163;1590.0;1.0;NHI
0;24;4164;999.0;1.0;HOA
0;24;4164;999.0;1.0;HAI
0;24;4164;999.0;1.0;HUNG
0;24;4164;999.0;2.0;HAU
0;24;4164;999.0;1.0;SONG
0;24;4164;999.0;2.0;MY
0;24;4164;999.0;1.0;CUC
0;24;4164;999.0;1.0;DAO 
0;24;4164;999.0;1.0;THANH
0;24;4164;999.0;1.0;HOA
0;24;4164;999.0;4.0;HIEN
0;24;4164;999.0;2.0;VY
0;24;4164;999.0;1.0;NHI
0;24;4163;1590.0;1.0;HOA
0;24;4163;1590.0;1.0;HAI
0;24;4163;1590.0;2.0;HUNG
0;24;4163;1590.0;1.0;HAU
0;24;3941;398.0;1.0;SONG
0;24;3976;299.0;1.0;MY
0;24;3976;299.0;1.0;CUC
0;24;3976;299.0;1.0;DAO 
0;24;4013;299.0;1.0;THANH
0;24;4015;299.0;1.0;HOA
0;24;4128;899.0;1.0;HIEN
0;24;4128;899.0;1.0;VY
0;24;4128;899.0;1.0;NHI
0;24;4147;2090.0;1.0;HOA
0;24;4147;2090.0;1.0;HAI
0;24;4148;1490.0;1.0;HUNG
0;24;4164;999.0;3.0;HAU
0;24;4161;899.0;1.0;SONG
0;24;4161;899.0;2.0;MY
0;24;4161;899.0;2.0;CUC
0;24;4161;899.0;2.0;DAO 
0;24;4161;899.0;1.0;THANH
0;24;4161;849.0;1.0;HOA
0;24;4163;1590.0;1.0;HIEN
0;24;4163;1590.0;2.0;VY
0;24;4163;1590.0;1.0;NHI
0;24;4163;1590.0;3.0;HOA
0;24;4163;1590.0;2.0;HAI
0;24;4163;1590.0;2.0;HUNG
0;24;4163;1590.0;1.0;HAU
0;24;4161;899.0;1.0;SONG
0;24;5438;349.0;1.0;MY
0;24;5449;399.0;1.0;CUC
0;24;5748;32990.0;1.0;DAO 
0;24;7169;849.5;1.0;THANH
0;24;7169;849.5;1.0;HOA
0;24;7171;1699.0;1.0;HIEN
0;24;7175;199.0;1.0;VY
0;24;7175;199.0;1.0;NHI
0;24;7218;1599.0;1.0;HOA
0;24;7218;1599.0;1.0;HAI
0;24;7220;1999.0;1.0;HUNG
0;24;7221;899.0;1.0;HAU
0;24;7299;399.0;1.0;SONG
0;24;7333;249.0;1.0;MY
0;24;7343;299.0;1.0;CUC
0;24;7356;249.0;1.0;DAO 
0;24;7356;249.0;1.0;THANH
0;24;7391;299.0;1.0;HOA
0;24;7396;299.0;1.0;HIEN
0;24;7445;199.0;1.0;VY
0;24;7459;299.0;1.0;NHI
0;24;7471;449.0;1.0;HOA
0;24;7511;299.0;1.0;HAI
0;24;7512;299.0;1.0;HUNG
0;24;7524;299.0;1.0;HAU
0;24;7738;199.0;1.0;SONG
0;24;7737;199.0;1.0;MY
0;24;7737;199.0;3.0;CUC
0;24;7131;549.0;1.0;DAO 
0;24;7737;199.0;1.0;THANH
0;24;7130;399.0;1.0;HOA
0;24;7130;399.0;2.0;HIEN
0;24;6740;499.0;1.0;VY
0;24;6740;499.0;1.0;NHI
0;24;6351;399.0;1.0;HOA
0;24;6354;549.0;1.0;HAI
0;24;6751;99.0;1.0;HUNG
0;24;6777;199.44;1.0;HAU
0;24;6904;149.0;1.0;SONG
0;24;6904;149.0;1.0;MY
0;24;6904;149.0;1.0;CUC
0;24;6916;1499.0;1.0;DAO 
0;24;6917;999.5;1.0;THANH
0;24;6917;749.5;1.0;HOA
0;24;6953;398.5;1.0;HIEN
0;24;6953;398.5;1.0;VY
0;24;6953;399.0;1.0;NHI
0;24;6953;399.0;2.0;HOA
0;24;6953;398.5;1.0;HAI
0;24;6953;399.0;1.0;HUNG
0;24;6953;398.5;1.0;HAU
0;24;6953;399.0;1.0;SONG
0;24;6857;399.0;1.0;MY
0;24;7066;549.0;1.0;CUC
0;24;7078;899.0;1.0;DAO 
0;24;7118;224.0;1.0;THANH
0;24;7118;224.5;1.0;HOA
0;24;7130;398.5;1.0;HIEN
0;24;7770;1099.0;1.0;VY
0;24;7814;3890.0;1.0;NHI
0;24;7814;3890.0;1.0;HOA
0;24;7938;15990.0;1.0;HAI
0;24;7938;15990.0;1.0;HUNG
0;24;7938;15990.0;1.0;HAU
0;24;7945;13990.0;1.0;SONG
0;24;7977;1199.0;1.0;MY
0;24;7977;1199.0;1.0;CUC
0;24;7978;2199.0;1.0;DAO 
0;24;7979;699.0;1.0;THANH
0;24;7907;2490.0;1.0;HOA
0;24;7912;599.0;1.0;HIEN
0;24;7912;599.0;1.0;VY
0;24;7912;599.0;1.0;NHI
0;24;7916;949.0;1.0;HOA
0;24;7916;949.0;1.0;HAI
0;24;8032;299.0;1.0;HUNG
0;24;8092;149.0;1.0;HAU
0;24;8093;1399.0;1.0;SONG
0;24;8093;1399.0;1.0;MY
0;24;8093;1399.0;1.0;CUC
0;24;8093;1399.0;1.0;DAO 
0;24;8093;1399.0;1.0;THANH
0;24;8096;399.0;1.0;HOA
0;24;8140;199.0;1.0;HIEN
0;24;8147;149.0;1.0;VY
0;24;8155;799.0;1.0;NHI
0;24;7895;799.0;1.0;HOA
0;24;7894;1490.0;1.0;HAI
0;24;7894;1490.0;1.0;HUNG
0;24;7894;1490.0;1.0;HAU
0;24;7814;3890.0;1.0;SONG
0;24;7815;5890.0;2.0;MY
0;24;7815;5890.0;2.0;CUC
0;24;7815;5890.0;1.0;DAO 
0;24;7815;5890.0;1.0;THANH
0;24;7815;5890.0;1.0;HOA
0;24;7819;8790.0;1.0;HIEN
0;24;7819;8490.0;1.0;VY
0;24;7820;2290.0;3.0;NHI
0;24;7820;2290.0;1.0;HOA
0;24;7820;2290.0;2.0;HAI
0;24;7820;2290.0;3.0;HUNG
0;24;6740;499.0;1.0;HAU
0;24;7820;2290.0;1.0;SONG
0;24;7709;149.0;1.0;MY
0;24;7849;359.0;1.0;CUC
0;24;7849;359.0;1.0;DAO 
0;24;7860;399.0;1.0;THANH
0;24;7856;799.0;1.0;HOA
0;24;7856;799.0;1.0;HIEN
0;24;7856;799.0;1.0;VY
0;24;7856;799.0;1.0;NHI
0;24;7856;799.0;1.0;HOA
0;24;7735;2799.0;1.0;HAI
0;24;7882;1390.0;1.0;HUNG
0;24;7893;995.0;1.0;HAU
0;24;7670;399.0;1.0;SONG
0;24;6727;999.0;1.0;MY
0;24;6721;1499.0;1.0;CUC
0;24;6717;299.0;1.0;DAO 
0;24;5580;279.3;1.0;THANH
0;24;5580;279.3;1.0;HOA
0;24;5580;399.0;1.0;HIEN
0;24;5591;1890.0;1.0;VY
0;24;5591;1990.0;1.0;NHI
0;24;5591;1990.0;1.0;HOA
0;24;5592;3490.0;1.0;HAI
0;24;5592;3490.0;2.0;HUNG
0;24;5594;1190.0;1.0;HAU
0;24;5599;1090.0;1.0;SONG
0;24;5601;599.0;1.0;MY
0;24;5603;489.3;1.0;CUC
0;24;5605;699.0;1.0;DAO 
0;24;5635;2390.0;1.0;THANH
0;24;5635;2390.0;1.0;HOA
0;24;5643;2390.0;1.0;HIEN
0;24;5643;2390.0;1.0;VY
0;24;5994;149.0;1.0;NHI
0;24;5994;149.0;1.0;HOA
0;24;5994;149.0;1.0;HAI
0;24;5994;298.0;1.0;HUNG
0;24;5992;998.0;1.0;HAU
0;24;6000;299.0;1.0;SONG
0;24;6072;899.0;1.0;MY
0;24;6095;1698.7;1.0;CUC
0;24;5576;2490.0;1.0;DAO 
0;24;5576;2490.0;1.0;THANH
0;24;5575;1090.0;1.0;HOA
0;24;5575;550.01;1.0;HIEN
0;24;5457;299.0;1.0;VY
0;24;5491;299.0;1.0;NHI
0;24;5786;299.0;1.0;HOA
0;24;5796;299.0;1.0;HAI
0;24;5801;299.0;1.0;HUNG
0;24;5778;199.0;1.0;HAU
0;24;5811;199.0;1.0;SONG
0;24;5811;199.0;1.0;MY
0;24;5822;999.0;1.0;CUC
0;24;5822;999.0;1.0;DAO 
0;24;5822;999.0;1.0;THANH
0;24;5823;2500.0;1.0;HOA
0;24;6095;1699.0;1.0;HIEN
0;24;5527;299.0;1.0;VY
0;24;5892;999.0;1.0;NHI
0;24;5892;999.0;1.0;HOA
0;24;5549;1549.0;1.0;HAI
0;24;5553;399.0;1.0;HUNG
0;24;5554;970.0;1.0;HAU
0;24;5922;349.0;1.0;SONG
0;24;5916;648.5;1.0;MY
0;24;5571;799.0;1.0;CUC
0;24;5572;1590.0;1.0;DAO 
0;24;5573;849.0;1.0;THANH
0;24;5574;699.0;1.0;HOA
0;24;5574;899.0;1.0;HIEN
0;24;5848;349.0;1.0;VY
0;24;3325;1199.0;1.0;NHI
0;24;6109;499.0;1.0;HOA
0;24;6109;499.0;1.0;HAI
0;24;6490;699.0;1.0;HUNG
0;24;6508;599.0;1.0;HAU
0;24;6286;299.0;1.0;SONG
0;24;6289;299.0;1.0;MY
0;24;6574;549.0;1.0;CUC
0;24;6574;549.0;1.0;DAO 
0;24;6588;549.0;1.0;THANH
0;24;6594;549.0;1.0;HOA
0;24;6595;549.0;1.0;HIEN
0;24;6622;599.0;1.0;VY
0;24;6303;199.0;1.0;NHI
0;24;6635;598.5;1.0;HOA
0;24;6635;599.0;1.0;HAI
0;24;6635;599.0;1.0;HUNG
0;24;6635;599.0;1.0;HAU
0;24;6635;599.0;1.0;SONG
0;24;6651;1699.0;1.0;MY
0;24;6651;1699.0;1.0;CUC
0;24;6653;1699.0;1.0;DAO 
0;24;6660;599.0;1.0;THANH
0;24;6665;9990.0;1.0;HOA
0;24;6681;899.0;1.0;HIEN
0;24;6699;479.0;1.0;VY
0;24;6717;299.0;1.0;NHI
0;24;6717;299.0;1.0;HOA
0;24;6490;559.2;1.0;HAI
0;24;6490;699.0;1.0;HUNG
0;24;6480;699.0;1.0;HAU
0;24;6495;699.0;1.0;SONG
0;24;6122;2499.0;1.0;MY
0;24;6122;2499.0;1.0;CUC
0;24;6122;2499.0;1.0;DAO 
0;24;6123;2499.0;1.0;THANH
0;24;6147;298.0;1.0;HOA
0;24;6185;499.0;1.0;HIEN
0;24;6185;499.0;1.0;VY
0;24;6185;499.0;1.0;NHI
0;24;6185;499.0;1.0;HOA
0;24;6406;349.0;1.0;HAI
0;24;6406;349.0;1.0;HUNG
0;24;6268;799.0;1.0;HAU
0;24;6109;499.0;1.0;SONG
0;24;6453;1798.0;1.0;MY
0;24;6466;558.6;1.0;CUC
0;24;6467;399.0;1.0;DAO 
0;24;6467;399.0;1.0;THANH
0;24;6467;399.0;1.0;HOA
0;24;6467;399.0;1.0;HIEN
0;24;6475;299.0;1.0;VY
0;24;6475;299.0;1.0;NHI
0;24;6475;299.0;1.0;HOA
0;24;6495;699.0;2.0;HAI
0;24;6495;699.0;1.0;HUNG
0;24;6495;559.2;1.0;HAU
0;24;6495;699.0;1.0;SONG
0;24;6466;699.0;1.0;MY
0;24;3325;1199.0;2.0;CUC
0;24;3325;1199.0;1.0;DAO 
0;24;3325;1199.0;1.0;THANH
0;24;1261;399.0;1.0;HOA
0;24;1273;199.0;1.0;HIEN
0;24;1410;1399.0;1.0;VY
0;24;1418;349.0;1.0;NHI
0;24;1418;349.0;1.0;HOA
0;24;1420;349.0;1.0;HAI
0;24;1438;349.0;1.0;HUNG
0;24;1301;253.85;1.0;HAU
0;24;1311;249.0;1.0;SONG
0;24;1315;449.0;1.0;MY
0;24;1317;299.0;1.0;CUC
0;24;1318;299.0;1.0;DAO 
0;24;1321;254.15;1.0;THANH
0;24;1467;899.0;1.0;HOA
0;24;1470;599.0;1.0;HIEN
0;24;1470;599.0;1.0;VY
0;24;1470;599.0;1.0;NHI
0;24;1470;599.0;1.0;HOA
0;24;1470;599.0;2.0;HAI
0;24;1470;599.0;1.0;HUNG
0;24;1470;599.0;1.0;HAU
0;24;1470;599.0;2.0;SONG
0;24;1470;599.0;1.0;MY
0;24;1470;599.0;2.0;CUC
0;24;1470;599.0;1.0;DAO 
0;24;1357;1015.0;1.0;THANH
0;24;1471;2599.0;1.0;HOA
0;24;1356;1015.0;1.0;HIEN
0;24;1227;299.0;1.0;VY
0;24;677;149.0;1.0;NHI
0;24;677;149.0;1.0;HOA
0;24;687;600.0;1.0;HAI
0;24;687;600.0;1.0;HUNG
0;24;687;600.0;1.0;HAU
0;24;687;600.0;1.0;SONG
0;24;687;600.0;1.0;MY
0;24;700;199.0;1.0;CUC
0;24;785;349.0;1.0;DAO 
0;24;785;349.0;1.0;THANH
0;24;795;3300.0;1.0;HOA
0;24;816;99.0;1.0;HIEN
0;24;835;4600.0;1.0;VY
0;24;835;4600.0;1.0;NHI
0;24;839;3300.0;1.0;HOA
0;24;963;99.0;1.0;HAI
0;24;970;279.0;1.0;HUNG
0;24;970;279.0;1.0;HAU
0;24;971;279.0;1.0;SONG
0;24;975;299.0;1.0;MY
0;24;1102;249.0;1.0;CUC
0;24;1112;499.0;1.0;DAO 
0;24;1151;1790.0;1.0;THANH
0;24;1167;1100.0;1.0;HOA
0;24;1226;299.0;1.0;HIEN
0;24;1243;449.0;1.0;VY
0;24;1471;2599.0;1.0;NHI
0;24;1471;2599.0;1.0;HOA
0;24;1472;2599.0;1.0;HAI
0;24;1871;299.0;1.0;HUNG
0;24;1871;299.0;1.0;HAU
0;24;1871;299.0;1.0;SONG
0;24;1628;3899.0;1.0;MY
0;24;1628;3899.0;0.0;CUC
0;24;1653;10999.0;1.0;DAO 
0;24;1894;599.0;1.0;THANH
0;24;1905;249.0;1.0;HOA
0;24;1905;249.0;1.0;HIEN
0;24;1908;249.0;1.0;VY
0;24;1911;249.0;1.0;NHI
0;24;1911;248.5;1.0;HOA
0;24;1913;249.0;1.0;HAI
0;24;1915;249.0;1.0;HUNG
0;24;1916;249.0;1.0;HAU
0;24;1916;249.0;1.0;SONG
0;24;1916;249.0;2.0;MY
0;24;1916;249.0;1.0;CUC
0;24;1916;249.0;1.0;DAO 
0;24;1920;249.0;1.0;THANH
0;24;1920;249.0;1.0;HOA
0;24;1920;249.0;1.0;HIEN
0;24;1921;249.0;1.0;VY
0;24;1922;249.0;1.0;NHI
0;24;1928;998.0;1.0;HOA
0;24;1836;1999.0;1.0;HAI
0;24;1835;1999.0;1.0;HUNG
0;24;1835;1999.0;1.0;HAU
0;24;1835;1999.0;3.0;SONG
0;24;1472;2599.0;2.0;MY
0;24;1472;2599.0;1.0;CUC
0;24;1475;899.0;1.0;DAO 
0;24;1475;899.0;1.0;THANH
0;24;1481;1999.0;1.0;HOA
0;24;1482;549.0;1.0;HIEN
0;24;1523;799.0;1.0;VY
0;24;1524;2999.0;1.0;NHI
0;24;1530;159.0;1.0;HOA
0;24;1597;469.0;1.0;HAI
0;24;1607;6490.0;1.0;HUNG
0;24;1782;599.0;1.0;HAU
0;24;657;149.0;1.0;SONG
0;24;1782;599.0;1.0;MY
0;24;1800;274.5;1.0;CUC
0;24;1800;549.0;1.0;DAO 
0;24;1801;1499.0;1.0;THANH
0;24;1830;599.0;1.0;HOA
0;24;1830;599.0;1.0;HIEN
0;24;1830;599.0;1.0;VY
0;24;1830;599.0;1.0;NHI
0;24;1830;599.0;1.0;HOA
0;24;1830;599.0;1.0;HAI
0;24;1826;498.0;1.0;HUNG
0;24;1829;1499.0;1.0;HAU
0;24;1829;1499.0;1.0;SONG
0;24;1624;299.0;1.0;MY
0;24;651;149.0;1.0;CUC
0;24;642;149.0;1.0;DAO 
0;24;642;149.0;1.0;THANH
0;23;21567;379.0;1.0;HOA
0;23;21570;199.0;1.0;HIEN
0;23;21771;449.5;1.0;VY
0;23;21771;899.0;1.0;NHI
0;23;21619;499.0;1.0;HOA
0;23;21785;299.0;1.0;HAI
0;23;21732;149.0;1.0;HUNG
0;23;21747;1224.56;1.0;HAU
0;23;21759;499.0;1.0;SONG
0;23;21766;119.0;1.0;MY
0;23;21982;249.0;1.0;CUC
0;23;21983;249.0;1.0;DAO 
0;23;21987;549.0;1.0;THANH
0;23;21987;549.0;1.0;HOA
0;23;21987;549.0;1.0;HIEN
0;23;21987;549.0;1.0;VY
0;23;21861;149.0;1.0;NHI
0;23;21865;149.0;1.0;HOA
0;23;21871;349.0;1.0;HAI
0;23;21876;299.0;1.0;HUNG
0;23;21906;499.0;1.0;HAU
0;23;21914;499.0;1.0;SONG
0;23;21996;449.0;1.0;MY
0;23;22014;399.0;1.0;CUC
0;23;22014;399.0;1.0;DAO 
0;23;21567;379.0;1.0;THANH
0;23;21562;199.0;1.0;HOA
0;23;21552;149.0;1.0;HIEN
0;23;21536;199.0;1.0;VY
0;23;20298;149.0;1.0;NHI
0;23;20299;398.0;1.0;HOA
0;23;20300;149.0;1.0;HAI
0;23;20315;299.0;1.0;HUNG
0;23;21329;149.0;1.0;HAU
0;23;21336;199.0;1.0;SONG
0;23;21347;549.0;1.0;MY
0;23;21494;149.0;1.0;CUC
0;23;21494;149.0;1.0;DAO 
0;23;21498;149.0;1.0;THANH
0;23;21499;149.0;1.0;HOA
0;23;21413;149.0;1.0;HIEN
0;23;22014;399.0;1.0;VY
0;23;21422;149.0;1.0;NHI
0;23;21424;399.0;1.0;HOA
0;23;21425;1449.0;1.0;HAI
0;23;21432;499.0;1.0;HUNG
0;23;21434;58.0;1.0;HAU
0;23;21500;1999.0;1.0;SONG
0;23;21447;749.0;1.0;MY
0;23;21452;299.0;1.0;CUC
0;23;21456;149.0;1.0;DAO 
0;23;21460;149.0;1.0;THANH
0;23;21455;299.0;1.0;HOA
0;23;21465;98.0;1.0;HIEN
0;23;21523;499.0;1.0;VY
0;23;21424;399.0;1.0;NHI
0;24;1931;124.0;1.0;HOA
0;23;22014;399.0;1.0;HAI
0;23;22014;399.0;1.0;HUNG
0;24;155;299.0;1.0;HAU
0;24;156;299.0;1.0;SONG
0;24;257;249.0;1.0;MY
0;24;258;249.0;1.0;CUC
0;24;372;249.0;1.0;DAO 
0;24;407;249.0;1.0;THANH
0;24;410;250.0;1.0;HOA
0;24;481;330.0;1.0;HIEN
0;24;481;330.0;1.0;VY
0;24;481;330.0;1.0;NHI
0;24;482;3300.0;1.0;HOA
0;24;482;3300.0;1.0;HAI
0;24;482;3300.0;1.0;HUNG
0;24;482;3300.0;1.0;HAU
0;24;482;3300.0;1.0;SONG
0;24;482;3300.0;1.0;MY
0;24;484;300.0;1.0;CUC
0;24;484;300.0;2.0;DAO 
0;24;484;300.0;1.0;THANH
0;24;484;300.0;1.0;HOA
0;24;496;4600.0;1.0;HIEN
0;24;498;249.0;1.0;VY
0;24;534;399.0;2.0;NHI
0;24;534;399.0;1.0;HOA
0;24;560;199.0;1.0;HAI
0;24;154;299.0;1.0;HUNG
0;24;151;249.0;1.0;HAU
0;24;98;399.0;1.0;SONG
0;24;98;399.0;1.0;MY
0;23;22015;699.0;1.0;CUC
0;23;22079;98.0;1.0;DAO 
0;23;22016;299.0;1.0;THANH
0;23;22111;349.0;1.0;HOA
0;23;22130;349.0;1.0;HIEN
0;23;22130;349.0;1.0;VY
0;23;22130;349.0;1.0;NHI
0;23;22134;399.0;1.0;HOA
0;23;22134;399.0;1.0;HAI
0;23;22139;999.0;1.0;HUNG
0;23;22139;832.66;1.0;HAU
0;23;22151;399.0;1.0;SONG
0;23;22014;399.0;3.0;MY
0;23;22151;399.0;1.0;CUC
0;24;32;349.0;1.0;DAO 
0;24;33;499.0;1.0;THANH
0;24;33;499.0;1.0;HOA
0;24;33;499.0;2.0;HIEN
0;24;34;149.0;1.0;VY
0;24;45;299.0;1.0;NHI
0;24;51;249.0;1.0;HOA
0;24;49;249.0;1.0;HAI
0;24;60;249.0;1.0;HUNG
0;24;85;299.0;1.0;HAU
0;24;98;399.0;1.0;SONG
0;24;98;399.0;1.0;MY
0;24;32;349.0;1.0;CUC
0;24;8460;349.0;1.0;DAO 
0;24;1958;99.0;1.0;THANH
0;24;1722;399.0;1.0;HOA
0;24;3146;2490.0;1.0;HIEN
0;24;3146;2490.0;1.0;VY
0;24;3146;2490.0;1.0;NHI
0;24;3146;2490.0;1.0;HOA
0;24;3146;2490.0;1.0;HAI
0;24;3148;1850.0;1.0;HUNG
0;24;3148;1850.0;1.0;HAU
0;24;3148;1850.0;1.0;SONG
0;24;3148;1850.0;2.0;MY
0;24;3148;1850.0;1.0;CUC
0;24;3148;1850.0;1.0;DAO 
0;24;3148;1850.0;1.0;THANH
0;24;3148;1850.0;1.0;HOA
0;24;3148;1850.0;1.0;HIEN
0;24;3148;1850.0;1.0;VY
0;24;3152;2290.0;1.0;NHI
0;24;3159;790.0;2.0;HOA
0;24;3159;790.0;1.0;HAI
0;24;3159;790.0;1.0;HUNG
0;24;3159;790.0;1.0;HAU
0;24;3159;790.0;1.0;SONG
0;24;3158;1290.0;1.0;MY
0;24;3158;1290.0;1.0;CUC
0;24;3158;1290.0;2.0;DAO 
0;24;3158;1290.0;1.0;THANH
0;24;3138;1790.0;1.0;HOA
0;24;3223;449.0;1.0;HIEN
0;24;3138;1790.0;2.0;VY
0;24;3140;1090.0;2.0;NHI
0;24;3007;1790.0;1.0;HOA
0;24;3007;1790.0;1.0;HAI
0;24;3007;1790.0;1.0;HUNG
0;24;3007;1790.0;1.0;HAU
0;24;3007;1790.0;1.0;SONG
0;24;3007;1790.0;3.0;MY
0;24;3007;1790.0;1.0;CUC
0;24;3007;1790.0;2.0;DAO 
0;24;3014;1290.0;1.0;THANH
0;24;3056;899.0;1.0;HOA
0;24;3057;899.0;1.0;HIEN
0;24;2670;249.0;1.0;VY
0;24;3186;299.5;1.0;NHI
0;24;3186;299125;4.0;HOA
0;24;3186;299.5;1.0;HAI
0;24;3186;299.5;1.0;HUNG
0;24;3186;599.0;1.0;HAU
0;24;3186;299.5;1.0;SONG
0;24;3193;449.0;1.0;MY
0;24;3193;449.0;1.0;CUC
0;24;3140;1090.0;1.0;DAO 
0;24;3140;1090.0;1.0;THANH
0;24;3140;1090.0;1.0;HOA
0;24;3140;1090.0;2.0;HIEN
0;24;3140;1090.0;1.0;VY
0;24;3140;1090.0;1.0;NHI
0;24;3223;449.0;1.0;HOA
0;24;3223;449.0;1.0;HAI
0;24;3223;449.0;1.0;HUNG
0;24;3427;799.0;2.0;HAU
0;24;3428;2239.0;1.0;SONG
0;24;3429;2799.0;1.0;MY
0;24;3429;2799.0;1.0;CUC
0;24;3437;1699.0;1.0;DAO 
0;24;3467;149.0;1.0;THANH
0;24;3467;149.0;1.0;HOA
0;24;3468;149.0;1.0;HIEN
0;24;3468;149.0;1.0;VY
0;24;3468;149.0;1.0;NHI
0;24;3278;1699.0;1.0;HOA
0;24;3286;299.0;1.0;HAI
0;24;3286;299.0;1.0;HUNG
0;24;3286;299.0;1.0;HAU
0;24;3291;549.0;1.0;SONG
0;24;3293;399.0;1.0;MY
0;24;3294;399.0;1.0;CUC
0;24;3296;349.0;1.0;DAO 
0;24;3470;349.0;1.0;THANH
0;24;3470;349.0;2.0;HOA
0;24;3314;499.0;1.0;HIEN
0;24;3314;499.0;1.0;VY
0;24;3318;1199.0;1.0;NHI
0;24;3320;1999.0;2.0;HOA
0;24;3325;1199.0;2.0;HAI
0;24;3427;799.0;1.0;HUNG
0;24;3427;799.0;1.0;HAU
0;24;3427;799.0;1.0;SONG
0;24;3427;799.0;1.0;MY
0;24;3223;449.0;1.0;CUC
0;24;3223;449.0;1.0;DAO 
0;24;3402;549.0;1.0;THANH
0;24;3402;549.0;1.0;HOA
0;24;3417;449.0;1.0;HIEN
0;24;3417;449.0;1.0;VY
0;24;3432;599.0;1.0;NHI
0;24;3432;599.0;2.0;HOA
0;24;3432;599.0;2.0;HAI
0;24;3432;599.0;3.0;HUNG
0;24;3432;599.0;1.0;HAU
0;24;3432;599.0;1.0;SONG
0;24;3007;1790.0;1.0;MY
0;24;3432;599.0;3.0;CUC
0;24;3432;599.0;1.0;DAO 
0;24;3432;599.0;1.0;THANH
0;24;3432;599.0;4.0;HOA
0;24;3432;599.0;1.0;HIEN
0;24;3432;599.0;1.0;VY
0;24;3432;599.0;2.0;NHI
0;24;3433;2799.0;2.0;HOA
0;24;3433;2799.0;1.0;HAI
0;24;3433;2799.0;1.0;HUNG
0;24;3433;2799.0;1.0;HAU
0;24;3434;2799.0;1.0;SONG
0;24;3427;799.0;1.0;MY
0;24;3432;599.0;2.0;CUC
0;24;3007;1790.0;1.0;DAO 
0;24;2973;2499.0;1.0;THANH
0;24;2972;599.0;1.0;HOA
0;24;2321;999.0;1.0;HIEN
0;24;2321;999.0;1.0;VY
0;24;2333;549.0;1.0;NHI
0;24;2333;549.0;1.0;HOA
0;24;2333;549.0;1.0;HAI
0;24;2333;549.0;1.0;HUNG
0;24;2252;599.0;1.0;HAU
0;24;2252;599.0;1.0;SONG
0;24;2252;599.0;1.0;MY
0;24;2258;299.0;1.0;CUC
0;24;2346;499.0;1.0;DAO 
0;24;2349;399.0;1.0;THANH
0;24;2349;399.0;2.0;HOA
0;24;2099;399.0;1.0;HIEN
0;24;2100;299.0;1.0;VY
0;24;2110;299.0;1.0;NHI
0;24;2117;279.0;1.0;HOA
0;24;2117;279.0;1.0;HAI
0;24;2167;599.0;1.0;HUNG
0;24;2171;349.0;1.0;HAU
0;24;2189;299.0;1.0;SONG
0;24;2218;2990.0;1.0;MY
0;24;2218;2990.0;1.0;CUC
0;24;2218;2990.0;1.0;DAO 
0;24;2219;5590.0;1.0;THANH
0;24;2321;999.0;1.0;HOA
0;24;2309;2799.0;1.0;HIEN
0;24;2309;2799.0;1.0;VY
0;24;2309;2799.0;1.0;NHI
0;24;1740;299.0;1.0;HOA
0;24;1741;299.0;1.0;HAI
0;24;1987;599.0;1.0;HUNG
0;24;1987;599.0;1.0;HAU
0;24;1763;249.0;1.0;SONG
0;24;1777;299.0;1.0;MY
0;24;2302;1399.0;1.0;CUC
0;24;2330;599.0;1.0;DAO 
0;24;2330;599.0;1.0;THANH
0;24;2330;599.0;1.0;HOA
0;24;2304;1998.7;1.0;HIEN
0;24;2307;2799.0;1.0;VY
0;24;2220;3990.0;1.0;NHI
0;24;2307;2799.0;1.0;HOA
0;24;2308;799.0;1.0;HAI
0;24;2308;799.0;2.0;HUNG
0;24;2308;799.0;1.0;HAU
0;24;2308;799.0;1.0;SONG
0;24;2308;799.0;1.0;MY
0;24;2308;799.0;1.0;CUC
0;24;2308;799.0;1.0;DAO 
0;24;2308;799.0;1.0;THANH
0;24;2308;799.0;2.0;HOA
0;24;2308;799.0;1.0;HIEN
0;24;2308;799.0;2.0;VY
0;24;2308;739.0;2.0;NHI
0;24;2307;2799.0;1.0;HOA
0;24;1722;399.0;1.0;HAI
0;24;2221;1990.0;1.0;HUNG
0;24;2416;449.0;1.0;HAU
0;24;2808;999.0;1.0;SONG
0;24;2808;999.0;1.0;MY
0;24;2808;799.0;2.0;CUC
0;24;2808;799.0;1.0;DAO 
0;24;2808;799.0;1.0;THANH
0;24;2631;299.0;1.0;HOA
0;24;2822;399.0;1.0;HIEN
0;24;2828;499.0;1.0;VY
0;24;2833;599.0;1.0;NHI
0;24;2833;599.0;1.0;HOA
0;24;2836;1999.0;1.0;HAI
0;24;2836;1999.0;1.0;HUNG
0;24;2848;99.0;1.0;HAU
0;24;2925;148.0;1.0;SONG
0;24;2929;199.0;1.0;MY
0;24;2929;199.0;1.0;CUC
0;24;2931;99.0;1.0;DAO 
0;24;2931;99.0;1.0;THANH
0;24;2931;99.0;1.0;HOA
0;24;2953;299.5;1.0;HIEN
0;24;2956;598.5;1.0;VY
0;24;2960;449.0;1.0;NHI
0;24;2967;639.0;1.0;HOA
0;24;2972;598.5;1.0;HAI
0;24;2972;479.0;1.0;HUNG
0;24;2808;999.0;1.0;HAU
0;24;2808;999.0;1.0;SONG
0;24;2808;999.0;1.0;MY
0;24;2808;999.0;1.0;CUC
0;24;2416;449.0;1.0;DAO 
0;24;2416;449.0;2.0;THANH
0;24;2416;449.0;1.0;HOA
0;24;2416;449.0;4.0;HIEN
0;24;2417;349.0;1.0;VY
0;24;2439;299.0;1.0;NHI
0;24;2439;299.0;1.0;HOA
0;24;2441;1199.0;1.0;HAI
0;24;2678;999.0;1.0;HUNG
0;24;2678;999.0;1.0;HAU
0;24;2680;899.0;1.0;SONG
0;24;2704;1799.0;1.0;MY
0;24;2416;449.0;1.0;CUC
0;24;2503;299.0;1.0;DAO 
0;24;2731;598.5;1.0;THANH
0;24;2731;599.0;1.0;HOA
0;24;2731;599.0;1.0;HIEN
0;24;2558;299.0;1.0;VY
0;24;2574;399.0;1.0;NHI
0;24;2579;399.0;1.0;HOA
0;24;2607;279.0;1.0;HAI
0;24;2798;449.0;1.0;HUNG
0;24;2798;449.0;1.0;HAU
0;24;2801;28.0;3.0;SONG
0;24;2801;28.0;1.0;MY
0;24;2808;999.0;1.0;CUC
0;24;2504;299.0;1.0;DAO 
0;24;8475;399.0;1.0;THANH
0;24;8478;299.0;1.0;HOA
0;24;8492;349.0;1.0;HIEN
0;24;18925;149.0;1.0;VY
0;24;18928;799.0;1.0;NHI
0;24;18935;349.0;1.0;HOA
0;24;18976;399.0;1.0;HAI
0;24;18976;399.0;1.0;HUNG
0;24;18976;399.0;1.0;HAU
0;24;18976;399.0;1.0;SONG
0;24;18976;399.0;1.0;MY
0;24;18976;399.0;1.0;CUC
0;24;18977;549.0;1.0;DAO 
0;24;18990;149.0;1.0;THANH
0;24;19046;299.0;1.0;HOA
0;24;19057;149.0;1.0;HIEN
0;24;19062;149.0;1.0;VY
0;24;19110;149.0;1.0;NHI
0;24;19129;299.0;1.0;HOA
0;24;19142;199.0;1.0;HAI
0;24;19464;249.0;1.0;HUNG
0;24;19467;249.0;1.0;HAU
0;24;19468;249.0;1.0;SONG
0;24;19476;249.0;1.0;MY
0;24;19154;199.0;1.0;CUC
0;24;19164;399.0;2.0;DAO 
0;24;19164;399.0;1.0;THANH
0;24;19164;399.0;1.0;HOA
0;24;19413;399.0;1.0;HIEN
0;24;19166;549.0;1.0;VY
0;24;19413;399.0;2.0;NHI
0;24;18896;149.0;1.0;HOA
0;24;18617;199.0;1.0;HAI
0;24;18619;199.0;1.0;HUNG
0;24;18621;199.0;1.0;HAU
0;24;19350;449.0;1.0;SONG
0;24;18663;399.0;1.0;MY
0;24;18664;399.0;1.0;CUC
0;24;18664;399.0;1.0;DAO 
0;24;18664;399.0;1.0;THANH
0;24;18669;199.0;1.0;HOA
0;24;18699;149.0;1.0;HIEN
0;24;18713;149.0;1.0;VY
0;24;18720;149.0;1.0;NHI
0;24;19362;1999.0;1.0;HOA
0;24;19365;349.0;1.0;HAI
0;24;18761;149.0;1.0;HUNG
0;24;18820;149.0;1.0;HAU
0;24;18823;299.0;1.0;SONG
0;24;18826;349.0;1.0;MY
0;24;18826;349.0;1.0;CUC
0;24;18826;349.0;1.0;DAO 
0;24;18826;349.0;1.0;THANH
0;24;18826;349.0;1.0;HOA
0;24;18826;349.0;1.0;HIEN
0;24;18846;299.0;1.0;VY
0;24;18896;149.0;1.0;NHI
0;24;18899;149.0;1.0;HOA
0;24;19166;549.0;1.0;HAI
0;24;19200;149.0;1.0;HUNG
0;24;19232;399.0;1.0;HAU
0;24;19990;549.0;1.0;SONG
0;24;19789;249.0;1.0;MY
0;24;19790;1038.8;1.0;CUC
0;24;20002;98.0;1.0;DAO 
0;24;20003;99.0;1.0;THANH
0;24;19803;399.0;1.0;HOA
0;24;19803;399.0;1.0;HIEN
0;24;19803;399.0;1.0;VY
0;24;19811;349.0;3.0;NHI
0;24;19811;349.0;2.0;HOA
0;24;19811;349.0;1.0;HAI
0;24;19811;349.0;3.0;HUNG
0;24;19811;349.0;2.0;HAU
0;24;19811;349.0;1.0;SONG
0;24;19811;349.0;3.0;MY
0;24;19826;28.0;1.0;CUC
0;24;19844;199.0;1.0;DAO 
0;24;19863;599.0;1.0;THANH
0;24;20014;148.0;1.0;HOA
0;24;19899;149.0;1.0;HIEN
0;24;19914;499.0;1.0;VY
0;24;19915;349.0;1.0;NHI
0;24;20053;28.0;1.0;HOA
0;24;20077;149.0;1.0;HAI
0;24;20085;149.0;1.0;HUNG
0;24;19990;549.0;1.0;HAU
0;24;19990;549.0;1.0;SONG
0;24;19990;549.0;1.0;MY
0;24;19990;549.0;1.0;CUC
0;24;19232;399.0;1.0;DAO 
0;24;19232;399.0;1.0;THANH
0;24;19234;299.0;1.0;HOA
0;24;19240;999.0;1.0;HIEN
0;24;19569;149.0;1.0;VY
0;24;19577;349.0;1.0;NHI
0;24;19597;149.0;1.0;HOA
0;24;19601;319.0;1.0;HAI
0;24;19929;599.0;1.0;HUNG
0;24;19634;499.0;1.0;HAU
0;24;19637;399.0;1.0;SONG
0;24;19637;399.0;1.0;MY
0;24;18612;399.0;1.0;CUC
0;24;19637;399.0;1.0;DAO 
0;24;19674;1224.56;1.0;THANH
0;24;19716;149.0;1.0;HOA
0;24;19716;149.0;1.0;HIEN
0;24;19717;149.0;1.0;VY
0;24;19718;149.0;1.0;NHI
0;24;19718;149.0;1.0;HOA
0;24;19719;119.0;1.0;HAI
0;24;19749;999.0;1.0;HUNG
0;24;19750;499.0;1.0;HAU
0;24;19776;499.0;1.0;SONG
0;24;19779;499.0;1.0;MY
0;24;19793;499.0;1.0;CUC
0;24;19637;399.0;1.0;DAO 
0;24;18586;399.0;1.0;THANH
0;24;18586;399.0;1.0;HOA
0;24;18580;299.0;1.0;HIEN
0;24;17036;199.0;1.0;VY
0;24;17064;149.0;1.0;NHI
0;24;17069;1599.0;1.0;HOA
0;24;17082;149.0;1.0;HAI
0;24;17086;149.0;1.0;HUNG
0;24;17122;149.0;1.0;HAU
0;24;17647;249.0;1.0;SONG
0;24;17161;149.0;1.0;MY
0;24;17210;1599.68;1.0;CUC
0;24;17213;149.0;1.0;DAO 
0;24;17241;349.0;2.0;THANH
0;24;17241;349.0;1.0;HOA
0;24;17273;98.0;1.0;HIEN
0;24;17278;399.0;1.0;VY
0;24;17278;399.0;1.0;NHI
0;24;17710;1499.0;1.0;HOA
0;24;17318;1399.0;1.0;HAI
0;24;17343;549.0;1.0;HUNG
0;24;17345;199.0;1.0;HAU
0;24;17361;874.44;1.0;SONG
0;24;17362;149.0;1.0;MY
0;24;17378;299.0;1.0;CUC
0;24;17379;299.0;1.0;DAO 
0;24;17380;299.0;1.0;THANH
0;24;17381;299.0;1.0;HOA
0;24;17625;299.0;1.0;HIEN
0;24;17018;199.0;1.0;VY
0;24;17017;199.0;1.0;NHI
0;24;16994;549.0;1.0;HOA
0;24;16482;399.0;1.0;HAI
0;24;16483;549.0;1.0;HUNG
0;24;16483;549.0;1.0;HAU
0;24;16519;149.0;1.0;SONG
0;24;16526;149.0;1.0;MY
0;24;16587;149.0;1.0;CUC
0;24;16594;349.0;1.0;DAO 
0;24;16623;399.0;2.0;THANH
0;24;16623;399.0;1.0;HOA
0;24;16623;399.0;1.0;HIEN
0;24;16623;399.0;2.0;VY
0;24;16624;499.0;1.0;NHI
0;24;17398;149.0;1.0;HOA
0;24;16644;299.0;1.0;HAI
0;24;16662;149.0;1.0;HUNG
0;24;16662;149.0;1.0;HAU
0;24;16698;149.0;1.0;SONG
0;24;16740;28.0;1.0;MY
0;24;16865;349.0;1.0;CUC
0;24;16890;399.0;1.0;DAO 
0;24;16890;399.0;1.0;THANH
0;24;16932;199.0;1.0;HOA
0;24;16934;189.0;1.0;HIEN
0;24;16950;149.0;1.0;VY
0;24;16986;199.0;1.0;NHI
0;24;16994;549.0;1.0;HOA
0;24;16659;349.0;1.0;HAI
0;24;20101;149.0;1.0;HUNG
0;24;17422;149.0;1.0;HAU
0;24;17433;149.0;1.0;SONG
0;24;18214;249.0;1.0;MY
0;24;18271;199.0;1.0;CUC
0;24;18282;199.0;1.0;DAO 
0;24;18294;299.0;1.0;THANH
0;24;18294;299.0;1.0;HOA
0;24;18300;199.0;1.0;HIEN
0;24;18318;199.0;1.0;VY
0;24;18318;199.0;1.0;NHI
0;24;18328;199.0;1.0;HOA
0;24;18350;199.0;1.0;HAI
0;24;18362;399.0;1.0;HUNG
0;24;18366;199.0;1.0;HAU
0;24;18380;149.0;1.0;SONG
0;24;18384;149.0;1.0;MY
0;24;18392;299.0;1.0;CUC
0;24;18449;98.0;1.0;DAO 
0;24;18450;199.0;1.0;THANH
0;24;18462;199.0;1.0;HOA
0;24;18465;199.0;1.0;HIEN
0;24;18473;199.0;1.0;VY
0;24;18506;199.0;1.0;NHI
0;24;18507;199.0;1.0;HOA
0;24;18544;149.0;1.0;HAI
0;24;18557;149.0;1.0;HUNG
0;24;18580;299.0;1.0;HAU
0;24;18206;299.0;1.0;SONG
0;24;18206;299.0;1.0;MY
0;24;18200;299.0;1.0;CUC
0;24;18194;299.0;1.0;DAO 
0;24;17433;149.0;1.0;THANH
0;24;17452;149.0;1.0;HOA
0;24;17737;3490.0;1.0;HIEN
0;24;17480;399.0;1.0;VY
0;24;17481;1399.0;1.0;NHI
0;24;17482;699.0;1.0;HOA
0;24;17489;149.0;1.0;HAI
0;24;17527;199.0;1.0;HUNG
0;24;17543;1199.0;1.0;HAU
0;24;17543;1199.0;1.0;SONG
0;24;17544;999.0;1.0;MY
0;24;17786;149.0;1.0;CUC
0;24;17429;299.0;1.0;DAO 
0;24;17801;28.0;1.0;THANH
0;24;17862;399.0;1.0;HOA
0;24;17863;299.0;1.0;HIEN
0;24;17914;599.0;1.0;VY
0;24;17916;149.0;1.0;NHI
0;24;17918;149.0;1.0;HOA
0;24;17930;399.0;1.0;HAI
0;24;17955;149.0;1.0;HUNG
0;24;18111;349.0;1.0;HAU
0;24;19259;249.0;1.0;SONG
0;24;19273;98.0;1.0;MY
0;24;18169;149.0;1.0;CUC
0;24;18181;749.0;1.0;DAO 
0;24;17809;349.0;1.0;THANH
0;24;16482;399.0;1.0;HOA
0;24;20104;299.0;1.0;HIEN
0;24;20108;199.0;1.0;VY
0;25;98;399.0;1.0;NHI
0;25;98;399.0;3.0;HOA
0;25;98;399.0;1.0;HAI
0;25;98;399.0;1.0;HUNG
0;25;98;399.0;2.0;HAU
0;25;98;399.0;1.0;SONG
0;25;98;399.0;3.0;MY
0;25;98;399.0;1.0;CUC
0;25;111;199.0;1.0;DAO 
0;25;111;199.0;1.0;THANH
0;25;113;199.0;1.0;HOA
0;25;113;199.0;1.0;HIEN
0;25;136;199.0;1.0;VY
0;25;149;249.0;1.0;NHI
0;25;149;249.0;1.0;HOA
0;25;151;249.0;1.0;HAI
0;25;153;399.0;1.0;HUNG
0;25;154;299.0;2.0;HAU
0;25;154;299.0;1.0;SONG
0;25;154;299.0;2.0;MY
0;25;154;299.0;1.0;CUC
0;25;155;299.0;1.0;DAO 
0;25;156;299.0;1.0;THANH
0;25;156;299.0;1.0;HOA
0;25;156;299.0;1.0;HIEN
0;25;98;399.0;2.0;VY
0;25;156;299.0;2.0;NHI
0;25;98;399.0;1.0;HOA
0;25;98;399.0;3.0;HAI
0;25;51;249.0;1.0;HUNG
0;25;51;249.0;1.0;HAU
0;25;51;249.0;1.0;SONG
0;25;49;249.0;1.0;MY
0;25;50;249.0;1.0;CUC
0;25;52;249.0;1.0;DAO 
0;25;53;299.0;1.0;THANH
0;25;54;299.0;1.0;HOA
0;25;59;249.0;1.0;HIEN
0;25;59;249.0;1.0;VY
0;25;59;249.0;1.0;NHI
0;25;59;249.0;1.0;HOA
0;25;59;249.0;1.0;HAI
0;25;59;249.0;1.0;HUNG
0;25;72;119.0;1.0;HAU
0;25;75;149.0;1.0;SONG
0;25;85;299.0;1.0;MY
0;25;88;149.0;1.0;CUC
0;25;89;149.0;1.0;DAO 
0;25;93;249.0;1.0;THANH
0;25;93;249.0;1.0;HOA
0;25;98;399.0;1.0;HIEN
0;25;98;399.0;1.0;VY
0;25;98;399.0;4.0;NHI
0;25;98;399.0;2.0;HOA
0;25;98;399.0;1.0;HAI
0;25;202;249.0;1.0;HUNG
0;25;210;249.0;1.0;HAU
0;25;210;249.0;1.0;SONG
0;25;484;300.0;1.0;MY
0;25;484;300.0;1.0;CUC
0;25;484;300.0;1.0;DAO 
0;25;484;300.0;3.0;THANH
0;25;484;300.0;1.0;HOA
0;25;484;300.0;2.0;HIEN
0;25;484;300.0;1.0;VY
0;25;484;300.0;1.0;NHI
0;25;484;300.0;1.0;HOA
0;25;498;249.0;1.0;HAI
0;25;534;399.0;1.0;HUNG
0;25;534;399.0;1.0;HAU
0;25;534;399.0;1.0;SONG
0;25;534;399.0;2.0;MY
0;25;534;399.0;1.0;CUC
0;25;535;1700.0;1.0;DAO 
0;25;556;199.0;1.0;THANH
0;25;642;149.0;2.0;HOA
0;25;657;149.0;1.0;HIEN
0;25;677;149.0;1.0;VY
0;25;687;600.0;1.0;NHI
0;25;687;600.0;1.0;HOA
0;25;687;600.0;1.0;HAI
0;25;700;199.0;2.0;HUNG
0;25;700;199.0;1.0;HAU
0;25;484;300.0;1.0;SONG
0;25;484;300.0;2.0;MY
0;25;484;300.0;1.0;CUC
0;25;484;300.0;1.0;DAO 
0;25;213;250.0;1.0;THANH
0;25;257;249.0;1.0;HOA
0;25;258;249.0;1.0;HIEN
0;25;259;249.0;1.0;VY
0;25;259;249.0;1.0;NHI
0;25;267;249.0;1.0;HOA
0;25;276;249.0;1.0;HAI
0;25;306;249.0;1.0;HUNG
0;25;308;249.0;1.0;HAU
0;25;317;299.0;1.0;SONG
0;25;321;299.0;1.0;MY
0;25;325;249.0;1.0;CUC
0;25;48;249.0;1.0;DAO 
0;25;372;249.0;1.0;THANH
0;25;389;249.0;1.0;HOA
0;25;407;249.0;1.0;HIEN
0;25;421;299.0;1.0;VY
0;25;424;249.0;1.0;NHI
0;25;439;250.0;1.0;HOA
0;25;451;249.0;1.0;HAI
0;25;471;399.0;1.0;HUNG
0;25;481;330.0;1.0;HAU
0;25;482;3300.0;1.0;SONG
0;25;482;3300.0;1.0;MY
0;25;482;3300.0;1.0;CUC
0;25;484;300.0;1.0;DAO 
0;25;375;249.0;1.0;THANH
0;25;45;299.0;1.0;HOA
0;25;44;249.0;1.0;HIEN
0;25;42;249.0;1.0;VY
0;24;21428;2499.0;1.0;NHI
0;24;21446;549.0;1.0;HOA
0;24;21447;749.0;1.0;HAI
0;24;21465;98.0;1.0;HUNG
0;24;21537;149.0;1.0;HAU
0;24;21538;349.0;1.0;SONG
0;24;21552;149.0;1.0;MY
0;24;21578;149.0;1.0;CUC
0;24;21582;149.0;1.0;DAO 
0;24;21586;299.0;1.0;THANH
0;24;21771;449.5;1.0;HOA
0;24;21650;149.0;1.0;HIEN
0;24;21655;199.0;1.0;VY
0;24;21655;199.0;1.0;NHI
0;24;21782;449.0;1.0;HOA
0;24;21809;549.0;1.0;HAI
0;24;21980;249.0;1.0;HUNG
0;24;21840;149.0;1.0;HAU
0;24;21987;549.0;1.0;SONG
0;24;21987;549.0;1.0;MY
0;24;21862;149.0;1.0;CUC
0;24;21866;149.0;1.0;DAO 
0;24;21870;149.0;1.0;THANH
0;24;21871;349.0;1.0;HOA
0;24;21871;349.0;1.0;HIEN
0;24;21424;399.0;1.0;VY
0;24;21424;399.0;1.0;NHI
0;24;21424;399.0;1.0;HOA
0;24;21499;149.0;1.0;HAI
0;24;20109;28.0;1.0;HUNG
0;24;20194;720.0;1.0;HAU
0;24;20199;249.0;1.0;SONG
0;24;20228;299.0;1.0;MY
0;24;20228;299.0;1.0;CUC
0;24;20228;299.0;1.0;DAO 
0;24;20229;1499.0;1.0;THANH
0;24;20230;399.0;1.0;HOA
0;24;20236;299.0;1.0;HIEN
0;24;20236;299.0;1.0;VY
0;24;20237;299.0;1.0;NHI
0;24;20237;299.0;1.0;HOA
0;24;21916;149.0;1.0;HAI
0;24;20237;299.0;1.0;HUNG
0;24;20245;299.0;1.0;HAU
0;24;20249;299.0;1.0;SONG
0;24;20948;899.0;0.0;MY
0;24;20300;149.0;1.0;CUC
0;24;20963;299.0;1.0;DAO 
0;24;21333;99.0;1.0;THANH
0;24;21336;199.0;1.0;HOA
0;24;21393;149.0;1.0;HIEN
0;24;21395;499.0;1.0;VY
0;24;21490;149.0;1.0;NHI
0;24;21497;149.0;1.0;HOA
0;24;21498;149.0;1.0;HAI
0;24;20244;299.0;1.0;HUNG
0;24;20106;199.0;1.0;HAU
0;24;21917;149.0;1.0;SONG
0;24;21928;199.0;1.0;MY
0;25;32;349.0;1.0;CUC
0;25;32;349.0;2.0;DAO 
0;25;32;349.0;3.0;THANH
0;25;32;349.0;1.0;HOA
0;25;32;349.0;2.0;HIEN
0;25;32;349.0;1.0;VY
0;25;32;349.0;2.0;NHI
0;25;32;349.0;1.0;HOA
0;25;32;349.0;7.0;HAI
0;25;32;349.0;1.0;HUNG
0;25;32;349.0;1.0;HAU
0;25;32;349.0;1.0;SONG
0;25;32;349.0;1.0;MY
0;25;32;349.0;1.0;CUC
0;25;32;349.0;1.0;DAO 
0;25;33;499.0;1.0;THANH
0;25;33;499.0;2.0;HOA
0;25;33;499.0;1.0;HIEN
0;25;33;499.0;1.0;VY
0;25;34;149.0;1.0;NHI
0;25;34;149.0;1.0;HOA
0;25;35;399.0;2.0;HAI
0;25;35;399.0;6.0;HUNG
0;25;35;399.0;1.0;HAU
0;25;35;399.0;2.0;SONG
0;25;32;349.0;1.0;MY
0;25;32;349.0;1.0;CUC
0;25;32;349.0;1.0;DAO 
0;25;32;349.0;2.0;THANH
0;24;21928;199.0;1.0;HOA
0;24;22014;399.0;1.0;HIEN
0;24;22014;399.0;1.0;VY
0;24;22130;349.0;1.0;NHI
0;24;22130;349.0;1.0;HOA
0;24;22130;349.0;1.0;HAI
0;24;22134;399.0;1.0;HUNG
0;24;22134;399.0;1.0;HAU
0;24;22134;399.0;1.0;SONG
0;24;22140;249.5;1.0;MY
0;24;22151;399.0;1.0;CUC
0;24;22154;999.0;1.0;DAO 
0;24;21996;224.5;1.0;THANH
0;25;10260;70.0;1.0;HOA
0;25;16762;65.0;1.0;HIEN
0;25;16772;65.0;1.0;VY
0;25;16772;65.0;2.0;NHI
0;25;16775;70.0;1.0;HOA
0;25;16775;70.0;1.0;HAI
0;25;17690;50.0;1.0;HUNG
0;25;17691;50.0;1.0;HAU
0;25;19;28.0;1.0;SONG
0;25;32;349.0;1.0;MY
0;25;32;349.0;4.0;CUC
0;25;32;349.0;1.0;DAO 
0;25;32;349.0;4.0;THANH
0;25;16760;65.0;1.0;HOA
0;25;715;149.0;1.0;HIEN
0;24;16461;199.0;1.0;VY
0;24;16451;499.0;1.0;NHI
0;24;11095;299.0;1.0;HOA
0;24;11357;249.0;1.0;HAI
0;24;11359;249.0;1.0;HUNG
0;24;11360;349.0;1.0;HAU
0;24;11135;399.0;1.0;SONG
0;24;11136;149.0;1.0;MY
0;24;11176;399.0;1.0;CUC
0;24;11184;199.0;1.0;DAO 
0;24;11378;299.0;1.0;THANH
0;24;11199;149.0;1.0;HOA
0;24;11380;199.0;1.0;HIEN
0;24;11228;149.0;1.0;VY
0;24;11231;399.0;1.0;NHI
0;24;11232;349.5;1.0;HOA
0;24;11388;899.0;1.0;HAI
0;24;11391;899.0;1.0;HUNG
0;24;11407;149.0;1.0;HAU
0;24;8066;349.0;1.0;SONG
0;24;8067;349.0;1.0;MY
0;24;11433;199.0;1.0;CUC
0;24;11454;149.0;1.0;DAO 
0;24;11456;149.0;1.0;THANH
0;24;11513;349.0;1.0;HOA
0;24;11544;249.0;1.0;HIEN
0;24;11576;149.0;1.0;VY
0;24;11095;299.0;1.0;NHI
0;24;11580;149.0;1.0;HOA
0;24;11094;149.0;1.0;HAI
0;24;11079;28.0;1.0;HUNG
0;24;10836;149.0;1.0;HAU
0;24;10855;249.5;1.0;SONG
0;24;11304;349.0;1.0;MY
0;24;11304;349.0;1.0;CUC
0;24;11305;499.0;1.0;DAO 
0;24;10921;199.0;1.0;THANH
0;24;10927;189.0;1.0;HOA
0;24;10928;199.0;1.0;HIEN
0;24;10939;149.0;1.0;VY
0;24;10944;149.0;1.0;NHI
0;24;10949;299.0;1.0;HOA
0;24;11013;199.0;1.0;HAI
0;24;11016;399.0;1.0;HUNG
0;24;11031;2499.0;1.0;HAU
0;24;11041;349.0;2.0;SONG
0;24;11041;349.0;2.0;MY
0;24;11041;349.0;2.0;CUC
0;24;11041;349.0;1.0;DAO 
0;24;11041;349.0;2.0;THANH
0;24;11041;349.0;1.0;HOA
0;24;11041;349.0;1.0;HIEN
0;24;11346;74.0;1.0;VY
0;24;11064;199.0;1.0;NHI
0;24;11065;199.0;1.0;HOA
0;24;11065;199.0;1.0;HAI
0;24;11082;149.0;1.0;HUNG
0;24;11590;149.0;1.0;HAU
0;24;11599;149.0;1.0;SONG
0;24;11606;199.0;1.0;MY
0;24;12229;299.0;1.0;CUC
0;24;12051;28.0;1.0;DAO 
0;24;12062;149.0;1.0;THANH
0;24;12064;149.0;1.0;HOA
0;24;12266;103.2;1.0;HIEN
0;24;12244;199.0;1.0;VY
0;24;12245;199.0;1.0;NHI
0;24;13071;499.0;2.0;HOA
0;24;13071;499.0;2.0;HAI
0;24;12331;149.0;1.0;HUNG
0;24;12337;349.5;1.0;HAU
0;24;12342;58.0;1.0;SONG
0;24;12361;149.0;1.0;MY
0;24;12365;349.0;1.0;CUC
0;24;12401;199.0;1.0;DAO 
0;24;12406;149.0;1.0;THANH
0;24;12416;199.0;1.0;HOA
0;24;13108;299.0;1.0;HIEN
0;24;12426;199.0;1.0;VY
0;24;12429;199.0;1.0;NHI
0;24;12432;299.0;1.0;HOA
0;24;12433;199.0;1.0;HAI
0;24;12465;199.0;1.0;HUNG
0;24;13119;299.0;1.0;HAU
0;24;12492;149.0;1.0;SONG
0;24;12026;149.0;1.0;MY
0;24;12190;274.5;1.0;CUC
0;24;11950;149.0;1.0;DAO 
0;24;11938;149.0;1.0;THANH
0;24;11622;499.0;1.0;HOA
0;24;11623;149.0;1.0;HIEN
0;24;11822;349.0;1.0;VY
0;24;11651;149.0;1.0;NHI
0;24;11656;849.5;1.0;HOA
0;24;11657;849.5;1.0;HAI
0;24;11829;2499.0;1.0;HUNG
0;24;11671;249.0;1.0;HAU
0;24;11714;199.0;1.0;SONG
0;24;11756;169.0;1.0;MY
0;24;11756;169.0;0.0;CUC
0;24;11777;549.0;1.0;DAO 
0;24;10836;149.0;1.0;THANH
0;24;11894;149.0;1.0;HOA
0;24;11899;149.0;1.0;HIEN
0;24;11909;499.0;1.0;VY
0;24;12112;549.0;1.0;NHI
0;24;12134;299.0;2.0;HOA
0;24;12134;299.0;1.0;HAI
0;24;12134;299.0;1.0;HUNG
0;24;12134;299.0;1.0;HAU
0;24;12134;298.5;1.0;SONG
0;24;12134;299.0;1.0;MY
0;24;12135;299.0;1.0;CUC
0;24;12135;299.0;1.0;DAO 
0;24;11935;28.0;1.0;THANH
0;24;11899;149.0;1.0;HOA
0;24;10800;999.0;1.0;HIEN
0;24;10775;299.0;1.0;VY
0;24;10774;299.0;1.0;NHI
0;24;9222;299.0;1.0;HOA
0;24;9223;299.0;1.0;HAI
0;24;8849;299.0;1.0;HUNG
0;24;8863;249.0;1.0;HAU
0;24;8877;1349.0;1.0;SONG
0;24;8960;399.0;1.0;MY
0;24;8965;149.0;1.0;CUC
0;24;9033;149.0;1.0;DAO 
0;24;9037;28.0;1.0;THANH
0;24;9041;149.0;1.0;HOA
0;24;9042;149.0;1.0;HIEN
0;24;9043;399.0;1.0;VY
0;24;9043;399.0;1.0;NHI
0;24;9043;399.0;1.0;HOA
0;24;9043;399.0;1.0;HAI
0;24;9044;299.0;1.0;HUNG
0;24;9075;199.0;1.0;HAU
0;24;9078;399.0;1.0;SONG
0;24;9078;399.0;1.0;MY
0;24;9090;199.0;1.0;CUC
0;24;9485;199.0;1.0;DAO 
0;24;9507;149.0;1.0;THANH
0;24;10181;249.0;1.0;HOA
0;24;10185;299.0;1.0;HIEN
0;24;9547;149.0;1.0;VY
0;24;8769;149.0;1.0;NHI
0;24;8764;399.0;1.0;HOA
0;24;8749;249.0;1.0;HAI
0;24;8707;149.0;1.0;HUNG
0;24;8497;349.0;1.0;HAU
0;24;8497;349.0;1.0;SONG
0;24;8195;149.0;1.0;MY
0;24;8233;1599.0;1.0;CUC
0;24;8235;149.0;1.0;DAO 
0;24;8303;149.0;1.0;THANH
0;24;8528;790.0;1.0;HOA
0;24;8528;790.0;1.0;HIEN
0;24;8528;790.0;1.0;VY
0;24;8536;399.0;1.0;NHI
0;24;8328;399.0;1.0;HOA
0;24;8329;149.0;1.0;HAI
0;24;9547;149.0;0.0;HUNG
0;24;8344;149.0;1.0;HAU
0;24;8358;199.0;1.0;SONG
0;24;8542;198.0;1.0;MY
0;24;8376;349.0;1.0;CUC
0;24;8564;250.0;1.0;DAO 
0;24;8576;149.0;1.0;THANH
0;24;8576;149.0;1.0;HOA
0;24;8645;149.0;1.0;HIEN
0;24;8661;149.0;1.0;VY
0;24;8662;149.0;1.0;NHI
0;24;8663;299.0;1.0;HOA
0;24;8665;299.0;1.0;HAI
0;24;8683;199.0;1.0;HUNG
0;24;8357;199.0;1.0;HAU
0;24;12520;199.0;1.0;SONG
0;24;10191;249.0;1.0;MY
0;24;9634;98.0;1.0;CUC
0;24;10111;149.0;1.0;DAO 
0;24;10159;199.0;1.0;THANH
0;24;10160;199.0;1.0;HOA
0;24;10160;199.0;1.0;HIEN
0;24;10161;199.0;1.0;VY
0;24;10285;299.0;1.0;NHI
0;24;10171;149.0;1.0;HOA
0;24;10308;499.0;1.0;HAI
0;24;10325;149.0;1.0;HUNG
0;24;10331;149.0;1.0;HAU
0;24;10359;118.4;1.0;SONG
0;24;10576;299.0;1.0;MY
0;24;10578;299.0;1.0;CUC
0;24;10578;299.0;1.0;DAO 
0;24;10591;199.0;1.0;THANH
0;24;10392;149.0;1.0;HOA
0;24;10423;1199.0;1.0;HIEN
0;24;10426;149.0;1.0;VY
0;24;10610;249.0;1.0;NHI
0;24;10452;149.0;1.0;HOA
0;24;10459;149.0;1.0;HAI
0;24;10510;179.0;1.0;HUNG
0;24;10758;149.0;1.0;HAU
0;24;10766;58.0;1.0;SONG
0;24;10773;299.0;1.0;MY
0;24;10106;399.0;1.0;CUC
0;24;10097;699.0;1.0;DAO 
0;24;10097;699.0;0.0;THANH
0;24;10097;699.0;1.0;HOA
0;24;9640;849.0;1.0;HIEN
0;24;9661;499.0;1.0;VY
0;24;9698;849.0;1.0;NHI
0;24;9711;349.0;1.0;HOA
0;24;9741;199.0;1.0;HAI
0;24;9742;499.0;1.0;HUNG
0;24;9755;399.0;1.0;HAU
0;24;10193;299.5;1.0;SONG
0;24;9769;299.0;1.0;MY
0;24;9800;149.0;1.0;CUC
0;24;9801;299.0;1.0;DAO 
0;24;9803;399.0;1.0;THANH
0;24;9589;149.0;1.0;HOA
0;24;9803;399.0;1.0;HIEN
0;24;9804;399.0;1.0;VY
0;24;9804;399.0;1.0;NHI
0;24;9804;399.0;1.0;HOA
0;24;10225;250.0;1.0;HAI
0;24;10243;249.0;1.0;HUNG
0;24;9906;899.0;1.0;HAU
0;24;9976;179.0;1.0;SONG
0;24;10265;299.0;1.0;MY
0;24;10039;299.0;1.0;CUC
0;24;10039;299.0;1.0;DAO 
0;24;10039;299.0;1.0;THANH
0;24;10277;249.0;1.0;HOA
0;24;9803;399.0;1.0;HIEN
0;24;16451;499.0;1.0;VY
0;24;12533;199.0;1.0;NHI
0;24;12550;149.0;1.0;HOA
0;24;15100;299.0;2.0;HAI
0;24;15100;299.0;1.0;HUNG
0;24;15100;299.0;3.0;HAU
0;24;15100;299.0;1.0;SONG
0;24;15100;299.0;1.0;MY
0;24;15100;299.0;1.0;CUC
0;24;14627;199.0;1.0;DAO 
0;24;15146;299.0;1.0;THANH
0;24;15146;299.0;0.0;HOA
0;24;15148;299.0;1.0;HIEN
0;24;15149;299.0;1.0;VY
0;24;14730;399.0;2.0;NHI
0;24;14733;149.0;1.0;HOA
0;24;14752;399.0;2.0;HAI
0;24;14768;499.0;1.0;HUNG
0;24;14777;699.0;1.0;HAU
0;24;14783;149.0;1.0;SONG
0;24;14798;399.0;1.0;MY
0;24;14805;1599.0;1.0;CUC
0;24;14805;1599.0;1.0;DAO 
0;24;14863;549.0;1.0;THANH
0;24;14869;299.0;1.0;HOA
0;24;14870;299.0;1.0;HIEN
0;24;14873;299.0;1.0;VY
0;24;14880;199.0;1.0;NHI
0;24;15100;239.2;1.0;HOA
0;24;14905;149.0;1.0;HAI
0;24;15100;299.0;2.0;HUNG
0;24;15100;299.0;1.0;HAU
0;24;14498;399.0;1.0;SONG
0;24;14511;199.0;1.0;MY
0;24;14516;149.0;1.0;CUC
0;24;14516;149.0;1.0;DAO 
0;24;14523;149.0;1.0;THANH
0;24;14527;299.0;1.0;HOA
0;24;14549;119.0;1.0;HIEN
0;24;14560;198.0;1.0;VY
0;24;14561;149.0;1.0;NHI
0;24;14564;149.0;1.0;HOA
0;24;14571;198.0;1.0;HAI
0;24;15038;390.0;1.0;HUNG
0;24;15039;549.0;1.0;HAU
0;24;14579;149.0;1.0;SONG
0;24;15070;299.0;1.0;MY
0;24;15070;299.0;1.0;CUC
0;24;15070;299.0;1.0;DAO 
0;24;15060;399.0;1.0;THANH
0;24;15060;399.0;1.0;HOA
0;24;15060;399.0;1.0;HIEN
0;24;15060;399.0;1.0;VY
0;24;15060;399.0;1.0;NHI
0;24;15060;399.0;1.0;HOA
0;24;15100;299.0;1.0;HAI
0;24;15100;299.0;3.0;HUNG
0;24;15100;299.0;2.0;HAU
0;24;14905;149.0;1.0;SONG
0;24;14905;149.0;1.0;MY
0;24;15540;149.0;1.0;CUC
0;24;16382;198.0;1.0;DAO 
0;24;16385;349.0;1.0;THANH
0;24;16428;399.0;2.0;HOA
0;24;16428;399.0;1.0;HIEN
0;24;16428;399.0;1.0;VY
0;24;16430;899.0;1.0;NHI
0;24;16450;399.0;1.0;HOA
0;24;16450;399.0;1.0;HAI
0;24;16450;399.0;2.0;HUNG
0;24;16450;399.0;3.0;HAU
0;24;16450;399.0;1.0;SONG
0;24;16450;399.0;1.0;MY
0;24;16450;399.0;1.0;CUC
0;24;16450;399.0;1.0;DAO 
0;24;16450;399.0;2.0;THANH
0;24;16450;399.0;1.0;HOA
0;24;16451;499.0;1.0;HIEN
0;24;16451;499.0;3.0;VY
0;24;16451;499.0;1.0;NHI
0;24;16451;499.0;1.0;HOA
0;24;16451;499.0;1.0;HAI
0;24;16451;499.0;1.0;HUNG
0;24;16451;499.0;2.0;HAU
0;24;16451;499.0;2.0;SONG
0;24;16451;499.0;1.0;MY
0;24;16381;199.0;1.0;CUC
0;24;16381;199.0;1.0;DAO 
0;24;16381;199.0;1.0;THANH
0;24;16381;199.0;2.0;HOA
0;24;15541;299.0;1.0;HIEN
0;24;15944;1990.0;1.0;VY
0;24;15550;149.0;1.0;NHI
0;24;15551;149.0;1.0;HOA
0;24;15991;399.0;1.0;HAI
0;24;16253;299.0;1.0;HUNG
0;24;15592;249.0;1.0;HAU
0;24;15613;28.0;1.0;SONG
0;24;15660;149.0;1.0;MY
0;24;16316;786.87;1.0;CUC
0;24;15683;149.0;1.0;DAO 
0;24;15695;58.0;1.0;THANH
0;24;15016;249.0;1.0;HOA
0;24;15700;149.0;1.0;HIEN
0;24;15729;399.0;1.0;VY
0;24;15729;399.0;1.0;NHI
0;24;15734;149.0;1.0;HOA
0;24;15734;149.0;1.0;HAI
0;24;15734;149.0;1.0;HUNG
0;24;15734;149.0;1.0;HAU
0;24;16333;599.0;1.0;SONG
0;24;16355;399.0;1.0;MY
0;24;16363;299.0;1.0;CUC
0;24;15822;28.0;1.0;DAO 
0;24;15830;749.0;1.0;THANH
0;24;16381;199.0;1.0;HOA
0;24;15723;149.0;1.0;HIEN
0;24;15016;249.0;1.0;VY
0;24;15015;299.0;1.0;NHI
0;24;15015;299.0;1.0;HOA
0;24;12807;199.0;1.0;HAI
0;24;12817;149.0;1.0;HUNG
0;24;12817;149.0;1.0;HAU
0;24;13569;499.0;1.0;SONG
0;24;12828;149.0;1.0;MY
0;24;12828;149.0;1.0;CUC
0;24;12829;549.0;1.0;DAO 
0;24;12874;399.0;1.0;THANH
0;24;12903;399.32;1.0;HOA
0;24;12946;149.0;1.0;HIEN
0;24;12947;199.0;1.0;VY
0;24;12974;249.0;1.0;NHI
0;24;13733;499.0;1.0;HOA
0;24;13736;598.5;1.0;HAI
0;24;13033;299.0;1.0;HUNG
0;24;13038;149.0;1.0;HAU
0;24;13042;199.0;1.0;SONG
0;24;13774;149.0;1.0;MY
0;24;13832;399.0;1.0;CUC
0;24;13832;399.0;1.0;DAO 
0;24;14158;449.0;1.0;THANH
0;24;14158;449.0;1.0;HOA
0;24;14158;449.0;1.0;HIEN
0;24;13854;599.0;1.0;VY
0;24;13854;599.0;1.0;NHI
0;24;12805;399.0;1.0;HOA
0;24;12797;199.0;1.0;HAI
0;24;12787;149.0;1.0;HUNG
0;24;12737;299.0;1.0;HAU
0;24;12551;149.0;1.0;SONG
0;24;12554;199.0;1.0;MY
0;24;13155;249.0;1.0;CUC
0;24;13155;249.0;1.0;DAO 
0;24;13157;249.0;1.0;THANH
0;24;13158;249.0;1.0;HOA
0;24;13160;249.0;1.0;HIEN
0;24;13166;249.0;1.0;VY
0;24;12597;149.0;1.0;NHI
0;24;13176;349.0;1.0;HOA
0;24;12614;249.0;1.0;HAI
0;24;12617;499.0;1.0;HUNG
0;24;13868;299.0;1.0;HAU
0;24;12650;149.0;1.0;SONG
0;24;12651;349.0;1.0;MY
0;24;12677;249.0;1.0;CUC
0;24;12691;449.0;1.0;DAO 
0;24;12716;28.0;1.0;THANH
0;24;12718;299.0;1.0;HOA
0;24;12719;149.0;1.0;HIEN
0;24;13484;13490.0;1.0;VY
0;24;13511;1598.5;1.0;NHI
0;24;13429;11490.0;1.0;HOA
0;24;13431;11489.7;1.0;HAI
0;24;13450;2799.0;1.0;HUNG
0;24;12737;299.0;1.0;HAU
0;24;12651;349.0;1.0;SONG
0;24;12539;299.0;1.0;MY
0;24;13870;249.0;1.0;CUC
0;24;13872;499.0;1.0;DAO 
0;24;14320;149.0;1.0;THANH
0;24;14345;399.0;1.0;HOA
0;24;14346;399.0;1.0;HIEN
0;24;14346;399.0;2.0;VY
0;24;14346;399.0;2.0;NHI
0;24;14346;399.0;1.0;HOA
0;24;14346;399.0;1.0;HAI
0;24;14346;399.0;1.0;HUNG
0;24;14386;149.0;1.0;HAU
0;24;14387;149.0;1.0;SONG
0;24;14389;119.2;1.0;MY
0;24;14389;149.0;1.0;CUC
0;24;14390;119.2;1.0;DAO 
0;24;14390;149.0;1.0;THANH
0;24;14403;349.0;1.0;HOA
0;24;14404;299.0;1.0;HIEN
0;24;14408;149.0;1.0;VY
0;24;14411;349.0;1.0;NHI
0;24;14433;299.0;1.0;HOA
0;24;14433;299.0;1.0;HAI
0;24;14433;299.0;1.0;HUNG
0;24;14433;299.0;1.0;HAU
0;24;14447;499.0;1.0;SONG
0;24;14447;499.0;1.0;MY
0;24;14447;499.0;1.0;CUC
0;24;14262;999.0;1.0;DAO 
0;24;14261;399.0;1.0;THANH
0;24;14257;149.0;1.0;HOA
0;24;14257;149.0;1.0;HIEN
0;24;13881;549.0;2.0;VY
0;24;13881;549.0;1.0;NHI
0;24;13901;299.0;1.0;HOA
0;24;13901;299.0;1.0;HAI
0;24;13937;149.0;1.0;HUNG
0;24;13946;149.0;1.0;HAU
0;24;13950;148.0;1.0;SONG
0;24;13953;249.0;1.0;MY
0;24;13957;249.0;1.0;CUC
0;24;14014;299.0;1.0;DAO 
0;24;14005;149.0;1.0;THANH
0;24;14006;149.0;1.0;HOA
0;24;13870;249.0;1.0;HIEN
0;24;14212;349.0;1.0;VY
0;24;14221;299.0;0.0;NHI
0;24;14037;149.0;1.0;HOA
0;24;14037;149.0;1.0;HAI
0;24;14050;349.0;1.0;HUNG
0;24;14050;349.0;1.0;HAU
0;24;14066;149.0;1.0;SONG
0;24;14081;149.0;1.0;MY
0;24;14109;249.0;1.0;CUC
0;24;14109;249.0;1.0;DAO 
0;24;14109;249.0;1.0;THANH
0;24;14117;1499.0;1.0;HOA
0;24;14254;599.0;1.0;HIEN
0;24;14221;299.0;1.0;VY
0;25;6045;299.0;2.0;NHI
0;25;6045;299.0;3.0;HOA
0;25;6045;299.0;1.0;HAI
0;25;14346;399.0;4.0;HUNG
0;25;14346;399.0;3.0;HAU
0;25;14346;399.0;4.0;SONG
0;25;14346;399.0;3.0;MY
0;25;14346;399.0;1.0;CUC
0;25;14346;399.0;2.0;DAO 
0;25;14346;399.0;1.0;THANH
0;25;14346;399.0;2.0;HOA
0;25;14346;399.0;1.0;HIEN
0;25;14349;329.0;1.0;VY
0;25;14354;199.0;1.0;NHI
0;25;14367;399.0;1.0;HOA
0;25;14367;399.0;1.0;HAI
0;25;14373;199.0;1.0;HUNG
0;25;14376;98.0;1.0;HAU
0;25;14380;149.0;1.0;SONG
0;25;14380;149.0;1.0;MY
0;25;14389;149.0;1.0;CUC
0;25;14389;149.0;1.0;DAO 
0;25;14390;149.0;1.0;THANH
0;25;14397;149.0;1.0;HOA
0;25;14401;1999.0;1.0;HIEN
0;25;14401;1999.0;1.0;VY
0;25;14408;149.0;1.0;NHI
0;25;14411;349.0;1.0;HOA
0;25;14346;399.0;8.0;HAI
0;25;14417;149.0;1.0;HUNG
0;25;14346;399.0;6.0;HAU
0;25;14345;399.0;1.0;SONG
0;25;14936;299.0;1.0;MY
0;25;14936;299.0;1.0;CUC
0;25;14936;299.0;1.0;DAO 
0;25;14937;299.0;1.0;THANH
0;25;14937;299.0;1.0;HOA
0;25;14938;899.0;1.0;HIEN
0;25;14938;899.0;1.0;VY
0;25;14254;599.0;1.0;NHI
0;25;14261;399.0;1.0;HOA
0;25;14261;399.0;1.0;HAI
0;25;14261;399.0;1.0;HUNG
0;25;14939;1998.75;2.0;HAU
0;25;14266;199.0;1.0;SONG
0;25;14266;199.0;1.0;MY
0;25;14271;198.0;1.0;CUC
0;25;14280;349.0;1.0;DAO 
0;25;14291;199.0;1.0;THANH
0;25;14292;149.0;1.0;HOA
0;25;14309;199.0;1.0;HIEN
0;25;14315;169.0;1.0;VY
0;25;14320;149.0;1.0;NHI
0;25;14325;199.0;1.0;HOA
0;25;14328;149.0;1.0;HAI
0;25;14332;149.0;1.0;HUNG
0;25;14332;149.0;1.0;HAU
0;25;14345;399.0;1.0;SONG
0;25;14417;149.0;1.0;MY
0;25;14417;149.0;1.0;CUC
0;25;14417;149.0;1.0;DAO 
0;25;14453;149.0;1.0;THANH
0;25;14456;249.0;1.0;HOA
0;25;14456;249.0;2.0;HIEN
0;25;14470;299.0;1.0;VY
0;25;15015;299.0;1.0;NHI
0;25;15015;299.0;1.0;HOA
0;25;15015;299.0;1.0;HAI
0;25;15015;299.0;1.0;HUNG
0;25;15016;249.0;1.0;HAU
0;25;15016;249.0;1.0;SONG
0;25;15016;249.0;1.0;MY
0;25;15016;249.0;1.0;CUC
0;25;15024;199.0;1.0;DAO 
0;25;15024;199.0;1.0;THANH
0;25;15024;199.0;1.0;HOA
0;25;14488;399.0;1.0;HIEN
0;25;14498;399.0;1.0;VY
0;25;14500;549.0;1.0;NHI
0;25;14503;399.0;1.0;HOA
0;25;14504;499.0;1.0;HAI
0;25;14511;199.0;1.0;HUNG
0;25;14515;149.0;1.0;HAU
0;25;14517;199.0;1.0;SONG
0;25;14518;199.0;1.0;MY
0;25;14522;199.0;1.0;CUC
0;25;15014;299.0;1.0;DAO 
0;25;15013;249.0;1.0;THANH
0;25;15013;249.0;1.0;HOA
0;25;15013;249.0;1.0;HIEN
0;25;14461;299.0;1.0;VY
0;25;14462;149.0;1.0;NHI
0;25;15005;249.0;1.0;HOA
0;25;15010;249.0;1.0;HAI
0;25;15010;249.0;1.0;HUNG
0;25;14432;149.0;1.0;HAU
0;25;14433;299.0;4.0;SONG
0;25;14433;299.0;1.0;MY
0;25;14433;299.0;1.0;CUC
0;25;14433;299.0;1.0;DAO 
0;25;14433;299.0;1.0;THANH
0;25;14433;299.0;1.0;HOA
0;25;14249;199.0;1.0;HIEN
0;25;14433;299.0;2.0;VY
0;25;14433;299.0;1.0;NHI
0;25;14433;299.0;1.0;HOA
0;25;14433;299.0;1.0;HAI
0;25;14439;149.0;1.0;HUNG
0;25;14447;499.0;2.0;HAU
0;25;14447;499.0;1.0;SONG
0;25;14447;499.0;1.0;MY
0;25;14447;499.0;1.0;CUC
0;25;14447;499.0;2.0;DAO 
0;25;14447;499.0;1.0;THANH
0;25;14447;499.0;1.0;HOA
0;25;14447;499.0;1.0;HIEN
0;25;14433;299.0;1.0;VY
0;25;14523;149.0;1.0;NHI
0;25;14249;199.0;1.0;HOA
0;25;14248;299.0;1.0;HAI
0;25;14215;299.0;1.0;HUNG
0;25;14215;299.0;1.0;HAU
0;25;14215;299.0;1.0;SONG
0;25;14215;299.0;1.0;MY
0;25;14215;299.0;1.0;CUC
0;25;14216;299.0;1.0;DAO 
0;25;14217;299.0;1.0;THANH
0;25;14217;299.0;1.0;HOA
0;25;14217;299.0;1.0;HIEN
0;25;14218;299.0;1.0;VY
0;25;14220;299.0;1.0;NHI
0;25;14221;299.0;1.0;HOA
0;25;14222;299.0;1.0;HAI
0;25;14226;299.0;1.0;HUNG
0;25;14230;149.0;1.0;HAU
0;25;14031;149.0;1.0;SONG
0;25;14234;148.0;1.0;MY
0;25;14037;149.0;1.0;CUC
0;25;14039;149.0;1.0;DAO 
0;25;14042;149.0;1.0;THANH
0;25;14050;349.0;2.0;HOA
0;25;14050;349.0;1.0;HIEN
0;25;14050;349.0;2.0;VY
0;25;14050;349.0;1.0;NHI
0;25;14050;349.0;1.0;HOA
0;25;14213;349.0;1.0;HAI
0;25;14050;349.0;2.0;HUNG
0;25;14212;349.0;1.0;HAU
0;25;14004;249.0;1.0;SONG
0;25;13915;149.0;1.0;MY
0;25;13923;149.0;1.0;CUC
0;25;13923;149.0;1.0;DAO 
0;25;14169;349.0;1.0;THANH
0;25;13937;149.0;1.0;HOA
0;25;13937;149.0;1.0;HIEN
0;25;13951;349.5;1.0;VY
0;25;13952;249.0;1.0;NHI
0;25;13953;249.0;1.0;HOA
0;25;13954;249.0;1.0;HAI
0;25;13955;249.0;1.0;HUNG
0;25;13955;249.0;1.0;HAU
0;25;13959;149.0;1.0;SONG
0;25;13972;149.0;1.0;MY
0;25;13974;999.0;1.0;CUC
0;25;13977;149.0;1.0;DAO 
0;25;13977;149.0;1.0;THANH
0;25;13979;149.0;1.0;HOA
0;25;13978;149.0;1.0;HIEN
0;25;14182;399.0;1.0;VY
0;25;14183;449.0;1.0;NHI
0;25;14012;249.0;1.0;HOA
0;25;13988;249.0;1.0;HAI
0;25;13988;249.0;1.0;HUNG
0;25;14000;299.0;1.0;HAU
0;25;14210;349.0;1.0;SONG
0;25;14050;349.0;1.0;MY
0;25;14060;149.0;1.0;CUC
0;25;14060;149.0;1.0;DAO 
0;25;14137;299.0;1.0;THANH
0;25;14137;299.0;1.0;HOA
0;25;14138;599.0;1.0;HIEN
0;25;14140;299.0;1.0;VY
0;25;14140;299.0;1.0;NHI
0;25;14140;299.0;1.0;HOA
0;25;14140;299.0;1.0;HAI
0;25;14140;299.0;1.0;HUNG
0;25;14140;299.0;1.0;HAU
0;25;14148;249.0;1.0;SONG
0;25;14239;149.0;1.0;MY
0;25;14239;149.0;1.0;CUC
0;25;14931;699.0;1.0;DAO 
0;25;14931;699.0;1.0;THANH
0;25;14931;699.0;1.0;HOA
0;25;14931;699.0;1.0;HIEN
0;25;14931;699.0;1.0;VY
0;25;14931;699.0;1.0;NHI
0;25;14931;699.0;1.0;HOA
0;25;14931;699.0;2.0;HAI
0;25;14931;699.0;5.0;HUNG
0;25;14931;699.0;1.0;HAU
0;25;14931;699.0;2.0;SONG
0;25;14245;149.0;1.0;MY
0;25;14245;149.0;1.0;CUC
0;25;14137;299.0;1.0;DAO 
0;25;14119;149.0;1.0;THANH
0;25;14119;149.0;1.0;HOA
0;25;14110;149.0;1.0;HIEN
0;25;14060;149.0;1.0;VY
0;25;14060;149.0;1.0;NHI
0;25;14060;149.0;1.0;HOA
0;25;14066;149.0;1.0;HAI
0;25;14066;149.0;1.0;HUNG
0;25;14066;149.0;1.0;HAU
0;25;14069;149.0;1.0;SONG
0;25;14076;149.0;1.0;MY
0;25;14079;349.0;1.0;CUC
0;25;14079;349.0;1.0;DAO 
0;25;14079;349.0;1.0;THANH
0;25;14079;349.0;1.0;HOA
0;25;14249;199.0;1.0;HIEN
0;25;14079;349.0;1.0;VY
0;25;14080;549.0;1.0;NHI
0;25;14080;549.0;1.0;HOA
0;25;14083;399.0;1.0;HAI
0;25;14083;399.0;1.0;HUNG
0;25;14085;98.0;1.0;HAU
0;25;14090;198.0;1.0;SONG
0;25;14103;199.0;1.0;MY
0;25;14109;249.0;1.0;CUC
0;25;14109;249.0;1.0;DAO 
0;25;14109;249.0;1.0;THANH
0;25;14109;249.0;1.0;HOA
0;25;14109;249.0;1.0;HIEN
0;25;14079;349.0;2.0;VY
0;25;14523;149.0;1.0;NHI
0;25;14524;299.0;1.0;HOA
0;25;15026;299.0;1.0;HAI
0;25;14799;999.0;1.0;HUNG
0;25;14799;999.0;1.0;HAU
0;25;14799;999.0;1.0;SONG
0;25;14800;149.0;1.0;MY
0;25;14800;149.0;1.0;CUC
0;25;14800;149.0;1.0;DAO 
0;25;14800;149.0;1.0;THANH
0;25;14804;999.0;1.0;HOA
0;25;14804;999.0;1.0;HIEN
0;25;14805;1599.0;1.0;VY
0;25;14805;1599.0;1.0;NHI
0;25;14805;1599.0;1.0;HOA
0;25;14806;149.0;1.0;HAI
0;25;15192;1999.0;1.0;HUNG
0;25;14811;349.0;1.0;HAU
0;25;14811;349.0;1.0;SONG
0;25;14826;199.0;3.0;MY
0;25;14826;199.0;1.0;CUC
0;25;14826;199.0;2.0;DAO 
0;25;14826;199.0;1.0;THANH
0;25;14826;199.0;1.0;HOA
0;25;14826;199.0;3.0;HIEN
0;25;14826;199.0;1.0;VY
0;25;14826;199.0;6.0;NHI
0;25;14826;199.0;3.0;HOA
0;25;14799;999.0;1.0;HAI
0;25;14826;199.0;3.0;HUNG
0;25;14798;399.0;1.0;HAU
0;25;14788;149.0;1.0;SONG
0;25;14732;349.0;1.0;MY
0;25;14738;349.0;1.0;CUC
0;25;14743;149.0;1.0;DAO 
0;25;14743;149.0;1.0;THANH
0;25;14746;1499.0;1.0;HOA
0;25;14752;399.0;1.0;HIEN
0;25;14752;399.0;1.0;VY
0;25;14763;199.0;1.0;NHI
0;25;14763;199.0;1.0;HOA
0;25;14767;149.0;1.0;HAI
0;25;14767;149.0;1.0;HUNG
0;25;14767;149.0;1.0;HAU
0;25;14767;149.0;1.0;SONG
0;25;14769;499.0;1.0;MY
0;25;14773;198.0;1.0;CUC
0;25;14777;515.13;1.0;DAO 
0;25;14777;699.0;1.0;THANH
0;25;14777;524.54;1.0;HOA
0;25;14777;699.0;1.0;HIEN
0;25;14777;199.5;1.0;VY
0;25;14780;399.0;1.0;NHI
0;25;14782;149.0;1.0;HOA
0;25;14782;149.0;1.0;HAI
0;25;14782;149.0;1.0;HUNG
0;25;14783;149.0;1.0;HAU
0;25;14798;399.0;1.0;SONG
0;25;14826;199.0;3.0;MY
0;25;14826;199.0;1.0;CUC
0;25;14826;199.0;3.0;DAO 
0;25;15203;499.0;1.0;THANH
0;25;15203;499.0;1.0;HOA
0;25;15204;499.0;1.0;HIEN
0;25;15204;499.0;1.0;VY
0;25;15205;499.0;1.0;NHI
0;25;15205;499.0;1.0;HOA
0;25;14869;299.0;1.0;HAI
0;25;14870;299.0;1.0;HUNG
0;25;14870;299.0;1.0;HAU
0;25;14873;299.0;1.0;SONG
0;25;14879;499.0;1.0;MY
0;25;14879;499.0;1.0;CUC
0;25;14886;999.0;1.0;DAO 
0;25;14891;1099.0;1.0;THANH
0;25;14894;149.0;1.0;HOA
0;25;14898;149.0;1.0;HIEN
0;25;14899;1274.68;1.0;VY
0;25;15209;299.0;1.0;NHI
0;25;14901;58.0;1.0;HOA
0;25;14902;58.0;1.0;HAI
0;25;14905;149.0;1.0;HUNG
0;25;14905;149.0;1.0;HAU
0;25;14905;149.0;1.0;SONG
0;25;14905;149.0;1.0;MY
0;25;14905;149.0;1.0;CUC
0;25;15203;499.0;1.0;DAO 
0;25;15203;499.0;1.0;THANH
0;25;15203;499.0;2.0;HOA
0;25;15202;499.0;2.0;HIEN
0;25;14826;199.0;1.0;VY
0;25;14827;619.0;1.0;NHI
0;25;14827;619.0;1.0;HOA
0;25;14827;619.0;1.0;HAI
0;25;14827;619.0;4.0;HUNG
0;25;14827;619.0;1.0;HAU
0;25;14827;619.0;2.0;SONG
0;25;14827;619.0;3.0;MY
0;25;14827;619.0;1.0;CUC
0;25;14827;619.0;1.0;DAO 
0;25;14827;619.0;1.0;THANH
0;25;14827;619.0;2.0;HOA
0;25;14730;399.0;2.0;HIEN
0;25;14827;619.0;1.0;VY
0;25;14856;149.0;1.0;NHI
0;25;14862;349.0;1.0;HOA
0;25;14863;549.0;1.0;HAI
0;25;15194;249.0;1.0;HUNG
0;25;15194;249.0;1.0;HAU
0;25;15195;249.0;1.0;SONG
0;25;15196;249.0;1.0;MY
0;25;15198;499.0;1.0;CUC
0;25;15198;499.0;1.0;DAO 
0;25;15198;499.0;1.0;THANH
0;25;15202;499.0;1.0;HOA
0;25;15202;499.0;2.0;HIEN
0;25;14827;619.0;1.0;VY
0;25;14730;399.0;2.0;NHI
0;25;14708;299.0;1.0;HOA
0;25;14702;149.0;1.0;HAI
0;25;15090;559.0;1.0;HUNG
0;25;15090;559.0;1.0;HAU
0;25;15106;999.0;1.0;SONG
0;25;15106;999.0;1.0;MY
0;25;15106;999.0;1.0;CUC
0;25;15106;999.0;1.0;DAO 
0;25;15091;889.0;1.0;THANH
0;25;15091;889.0;1.0;HOA
0;25;15091;889.0;1.0;HIEN
0;25;15092;589.0;1.0;VY
0;25;15092;589.0;1.0;NHI
0;25;15092;589.0;1.0;HOA
0;25;15092;589.0;2.0;HAI
0;25;15094;459.0;1.0;HUNG
0;25;15094;459.0;1.0;HAU
0;25;15100;299.0;1.0;SONG
0;25;15100;299.0;1.0;MY
0;25;15100;299.0;1.0;CUC
0;25;15100;299.0;1.0;DAO 
0;25;15100;299.0;1.0;THANH
0;25;15100;299.0;1.0;HOA
0;25;15100;299.0;1.0;HIEN
0;25;15101;988.5;1.0;VY
0;25;15101;989.0;1.0;NHI
0;25;15101;989.0;1.0;HOA
0;25;15090;559.0;1.0;HAI
0;25;15090;559.0;2.0;HUNG
0;25;15060;398.5;1.0;HAU
0;25;15060;399.0;1.0;SONG
0;25;14549;149.0;1.0;MY
0;25;14549;149.0;1.0;CUC
0;25;14549;149.0;1.0;DAO 
0;25;14561;149.0;1.0;THANH
0;25;14561;149.0;1.0;HOA
0;25;15031;390.0;1.0;HIEN
0;25;15038;390.0;3.0;VY
0;25;15039;549.0;1.0;NHI
0;25;15039;549.0;1.0;HOA
0;25;15070;299.0;2.0;HAI
0;25;15070;299.0;1.0;HUNG
0;25;15070;299.0;1.0;HAU
0;25;15101;989.0;1.0;SONG
0;25;15070;299.0;1.0;MY
0;25;15070;299.0;1.0;CUC
0;25;15070;299.0;1.0;DAO 
0;25;15070;299.0;1.0;THANH
0;25;15060;399.0;2.0;HOA
0;25;15060;399.0;1.0;HIEN
0;25;15060;399.0;2.0;VY
0;25;15060;399.0;1.0;NHI
0;25;15060;399.0;1.0;HOA
0;25;15060;399.0;1.0;HAI
0;25;15060;399.0;1.0;HUNG
0;25;15060;399.0;1.0;HAU
0;25;15060;399.0;2.0;SONG
0;25;15070;299.0;1.0;MY
0;25;13915;149.0;1.0;CUC
0;25;15101;989.0;1.0;DAO 
0;25;15102;659.0;1.0;THANH
0;25;14611;179.0;4.0;HOA
0;25;14612;179.0;3.0;HIEN
0;25;14612;179.0;2.0;VY
0;25;14612;179.0;1.0;NHI
0;25;14612;179.0;10.0;HOA
0;25;14612;179.0;2.0;HAI
0;25;14612;179.0;1.0;HUNG
0;25;14612;179.0;5.0;HAU
0;25;14617;229.0;1.0;SONG
0;25;14617;229.0;3.0;MY
0;25;14617;229.0;1.0;CUC
0;25;15139;199.0;1.0;DAO 
0;25;14626;169.0;1.0;THANH
0;25;14633;399.0;1.0;HOA
0;25;14634;248.0;1.0;HIEN
0;25;14641;349.0;1.0;VY
0;25;14646;149.0;1.0;NHI
0;25;14652;349.0;1.0;HOA
0;25;14661;199.0;1.0;HAI
0;25;15147;299.0;1.0;HUNG
0;25;14669;169.0;1.0;HAU
0;25;14670;199.0;1.0;SONG
0;25;14682;28.0;1.0;MY
0;25;14693;58.0;1.0;CUC
0;25;14693;58.0;1.0;DAO 
0;25;14611;179.0;1.0;THANH
0;25;14611;179.0;1.0;HOA
0;25;14611;179.0;1.0;HIEN
0;25;14611;179.0;4.0;VY
0;25;15102;659.0;2.0;NHI
0;25;15102;659.0;1.0;HOA
0;25;15102;659.0;1.0;HAI
0;25;15102;659.0;2.0;HUNG
0;25;15104;1289.0;1.0;HAU
0;25;15104;1289.0;1.0;SONG
0;25;15104;1289.0;1.0;MY
0;25;15104;1289.0;1.0;CUC
0;25;14594;1199.0;1.0;DAO 
0;25;14595;649.0;1.0;THANH
0;25;14595;649.0;1.0;HOA
0;25;14595;649.0;1.0;HIEN
0;25;15102;659.0;1.0;VY
0;25;14603;499.0;1.0;NHI
0;25;14607;149.0;1.0;HOA
0;25;14607;149.0;1.0;HAI
0;25;15107;999.0;1.0;HUNG
0;25;15114;170.0;1.0;HAU
0;25;15118;170.0;1.0;SONG
0;25;15128;170.0;1.0;MY
0;25;15129;170.0;1.0;CUC
0;25;14610;179.0;1.0;DAO 
0;25;14610;179.0;1.0;THANH
0;25;14610;179.0;1.0;HOA
0;25;14610;179.0;1.0;HIEN
0;25;14610;179.0;1.0;VY
0;25;14604;149.0;1.0;NHI
0;25;13915;149.0;1.0;HOA
0;25;13911;149.0;1.0;HAI
0;25;13911;149.0;1.0;HUNG
0;25;13354;30.0;5.0;HAU
0;25;13354;30.0;2.0;SONG
0;25;13354;30.0;10.0;MY
0;25;13354;30.0;1.0;CUC
0;25;13355;199.0;1.0;DAO 
0;25;13351;70.0;4.0;THANH
0;25;13351;70.0;2.0;HOA
0;25;13351;70.0;3.0;HIEN
0;25;13351;70.0;3.0;VY
0;25;13351;70.0;5.0;NHI
0;25;13351;70.0;1.0;HOA
0;25;13351;70.0;1.0;HAI
0;25;13351;70.0;3.0;HUNG
0;25;13351;70.0;1.0;HAU
0;25;13351;70.0;1.0;SONG
0;25;13351;70.0;1.0;MY
0;25;13351;70.0;2.0;CUC
0;25;12727;1490.0;1.0;DAO 
0;25;13370;299.0;1.0;THANH
0;25;13370;299.0;1.0;HOA
0;25;13383;299.0;1.0;HIEN
0;25;13384;300.0;1.0;VY
0;25;13454;1499.0;1.0;NHI
0;25;13460;1499.0;1.0;HOA
0;25;13478;13990.0;1.0;HAI
0;25;13350;30.0;2.0;HUNG
0;25;13480;13989.5;1.0;HAU
0;25;13350;30.0;2.0;SONG
0;25;13350;30.0;2.0;MY
0;25;13344;25.0;7.0;CUC
0;25;13344;25.0;1.0;DAO 
0;25;13344;25.0;3.0;THANH
0;25;13344;25.0;1.0;HOA
0;25;13344;25.0;1.0;HIEN
0;25;13344;25.0;3.0;VY
0;25;13345;25.0;6.0;NHI
0;25;13345;25.0;1.0;HOA
0;25;13345;25.0;2.0;HAI
0;25;13345;25.0;4.0;HUNG
0;25;13345;25.0;2.0;HAU
0;25;13345;25.0;2.0;SONG
0;25;13345;25.0;2.0;MY
0;25;13345;25.0;1.0;CUC
0;25;13345;25.0;1.0;DAO 
0;25;13345;25.0;2.0;THANH
0;25;13346;149.0;2.0;HOA
0;25;13346;149.0;1.0;HIEN
0;25;13346;149.0;2.0;VY
0;25;13346;149.0;1.0;NHI
0;25;13346;149.0;1.0;HOA
0;25;13350;30.0;2.0;HAI
0;25;13350;30.0;5.0;HUNG
0;25;13350;30.0;2.0;HAU
0;25;13350;30.0;4.0;SONG
0;25;13350;30.0;1.0;MY
0;25;13480;13990.0;1.0;CUC
0;25;13480;13990.0;1.0;DAO 
0;25;13484;13490.0;1.0;THANH
0;25;13418;999.0;1.0;HOA
0;25;13418;999.0;1.0;HIEN
0;25;13419;699.0;1.0;VY
0;25;13419;699.0;1.0;NHI
0;25;13419;999.0;1.0;HOA
0;25;13419;999.0;1.0;HAI
0;25;13419;999.0;1.0;HUNG
0;25;13419;999.0;1.0;HAU
0;25;13425;13489.7;1.0;SONG
0;25;13425;13490.0;1.0;MY
0;25;13425;12490.0;1.0;CUC
0;25;13429;11490.0;1.0;DAO 
0;25;13429;11490.0;1.0;THANH
0;25;13430;11490.0;1.0;HOA
0;25;13450;2799.0;2.0;HIEN
0;25;13450;2799.0;1.0;VY
0;25;13450;2798.5;1.0;NHI
0;25;13517;3790.0;1.0;HOA
0;25;13517;3790.0;1.0;HAI
0;25;13517;3790.0;1.0;HUNG
0;25;13517;3790.0;1.0;HAU
0;25;12737;299.0;1.0;SONG
0;25;12738;1499.0;1.0;MY
0;25;12738;1499.0;0.0;CUC
0;25;12741;349.0;1.0;DAO 
0;25;13418;999.0;1.0;THANH
0;25;13418;999.0;1.0;HOA
0;25;13418;699.0;1.0;HIEN
0;25;13417;1199.0;1.0;VY
0;25;13484;13990.0;1.0;NHI
0;25;13490;13990.0;1.0;HOA
0;25;13490;13990.0;1.0;HAI
0;25;13490;13989.5;1.0;HUNG
0;25;13490;13990.0;1.0;HAU
0;25;13510;3790.0;1.0;SONG
0;25;13511;1598.5;1.0;MY
0;25;13511;1599.0;1.0;CUC
0;25;13511;1599.0;1.0;DAO 
0;25;13511;1599.0;1.0;THANH
0;25;13511;1599.0;1.0;HOA
0;25;13511;1599.0;1.0;HIEN
0;25;13344;25.0;4.0;VY
0;25;13413;1999.0;1.0;NHI
0;25;13413;1999.0;2.0;HOA
0;25;13417;699.0;4.0;HAI
0;25;13417;699.0;3.0;HUNG
0;25;13417;699.0;1.0;HAU
0;25;13417;699.0;1.0;SONG
0;25;13417;6523;3.0;MY
0;25;13417;699.0;1.0;CUC
0;25;13417;1199.0;1.0;DAO 
0;25;13417;1199.0;2.0;THANH
0;25;13417;1199.0;1.0;HOA
0;25;13417;1199.0;1.0;HIEN
0;25;13417;1199.0;1.0;VY
0;25;13413;1999.0;1.0;NHI
0;25;13344;25.0;8.0;HOA
0;25;12718;299.0;1.0;HAI
0;25;12718;299.0;1.0;HUNG
0;25;13165;249.0;1.0;HAU
0;25;13166;249.0;1.0;SONG
0;25;13169;349.0;1.0;MY
0;25;12569;436.78;1.0;CUC
0;25;12576;349.0;1.0;DAO 
0;25;12582;149.0;1.0;THANH
0;25;13175;749.0;1.0;HOA
0;25;13176;349.0;1.0;HIEN
0;25;13176;349.0;1.0;VY
0;25;13176;349.0;1.0;NHI
0;25;12614;249.0;1.0;HOA
0;25;12614;249.0;1.0;HAI
0;25;12615;149.0;2.0;HUNG
0;25;12615;149.0;1.0;HAU
0;25;12615;149.0;1.0;SONG
0;25;12617;499.0;1.0;MY
0;25;12618;149.0;1.0;CUC
0;25;12623;649.0;1.0;DAO 
0;25;12625;937.39;1.0;THANH
0;25;12625;999.0;1.0;HOA
0;25;12626;349.0;1.0;HIEN
0;25;12626;349.0;1.0;VY
0;25;12627;499.0;1.0;NHI
0;25;12628;149.0;1.0;HOA
0;25;12632;149.0;1.0;HAI
0;25;12565;199.0;1.0;HUNG
0;25;13163;249.0;1.0;HAU
0;25;13158;249.0;1.0;SONG
0;25;13158;249.0;1.0;MY
0;25;12552;149.0;1.0;CUC
0;25;12553;1499.0;1.0;DAO 
0;25;12555;199.0;1.0;THANH
0;25;12559;199.0;1.0;HOA
0;25;12562;1199.0;1.0;HIEN
0;25;12563;149.0;1.0;VY
0;25;12563;149.0;1.0;NHI
0;25;12564;199.0;1.0;HOA
0;25;13137;249.0;1.0;HAI
0;25;13141;249.0;1.0;HUNG
0;25;13147;249.0;1.0;HAU
0;25;13155;249.0;1.0;SONG
0;25;12632;149.0;2.0;MY
0;25;13155;249.0;1.0;CUC
0;25;13156;249.0;1.0;DAO 
0;25;13157;249.0;1.0;THANH
0;25;13157;249.0;1.0;HOA
0;25;13158;249.0;2.0;HIEN
0;25;13158;249.0;1.0;VY
0;25;13158;249.0;1.0;NHI
0;25;13158;249.0;1.0;HOA
0;25;13158;249.0;1.0;HAI
0;25;13158;249.0;1.0;HUNG
0;25;13158;249.0;1.0;HAU
0;25;13158;249.0;3.0;SONG
0;25;13158;249.0;1.0;MY
0;25;13155;249.0;1.0;CUC
0;25;12750;119.0;1.0;DAO 
0;25;12632;149.0;1.0;THANH
0;25;12641;399.0;1.0;HOA
0;25;12677;249.0;1.0;HIEN
0;25;12677;249.0;1.0;VY
0;25;12677;249.0;1.0;NHI
0;25;12678;399.0;1.0;HOA
0;25;12678;399.0;1.0;HAI
0;25;12678;399.0;1.0;HUNG
0;25;12678;399.0;1.0;HAU
0;25;12679;399.0;1.0;SONG
0;25;12679;399.0;1.0;MY
0;25;12679;399.0;1.0;CUC
0;25;12679;399.0;1.0;DAO 
0;25;12684;649.0;2.0;THANH
0;25;12684;649.0;1.0;HOA
0;25;12691;449.0;2.0;HIEN
0;25;12691;449.0;1.0;VY
0;25;12691;449.0;1.0;NHI
0;25;12691;449.0;1.0;HOA
0;25;12691;449.0;1.0;HAI
0;25;12691;449.0;1.0;HUNG
0;25;13203;149.0;1.0;HAU
0;25;13204;299.0;1.0;SONG
0;25;13204;299.0;1.0;MY
0;25;13204;299.0;1.0;CUC
0;25;12718;299.0;1.0;DAO 
0;25;12718;299.0;1.0;THANH
0;25;12677;249.0;1.0;HOA
0;25;12676;149.0;1.0;HIEN
0;25;12676;149.0;1.0;VY
0;25;12676;149.0;1.0;NHI
0;25;12644;149.0;1.0;HOA
0;25;12644;149.0;1.0;HAI
0;25;12644;149.0;1.0;HUNG
0;25;13185;349.0;1.0;HAU
0;25;13186;149.0;1.0;SONG
0;25;13186;149.0;1.0;MY
0;25;13186;149.0;1.0;CUC
0;25;13186;149.0;1.0;DAO 
0;25;12649;399.0;1.0;THANH
0;25;12650;149.0;1.0;HOA
0;25;12651;349.0;1.0;HIEN
0;25;12651;349.0;1.0;VY
0;25;13196;349.0;1.0;NHI
0;25;12651;349.0;1.0;HOA
0;25;12652;499.0;3.0;HAI
0;25;12652;499.0;1.0;HUNG
0;25;12653;248.0;1.0;HAU
0;25;12654;248.0;1.0;SONG
0;25;12658;549.0;1.0;MY
0;25;12661;399.0;1.0;CUC
0;25;12661;399.0;1.0;DAO 
0;25;12661;399.0;1.0;THANH
0;25;12661;399.0;1.0;HOA
0;25;12668;399.0;1.0;HIEN
0;25;12674;98.0;1.0;VY
0;25;12676;149.0;1.0;NHI
0;25;12651;349.0;1.0;HOA
0;25;14911;299.0;1.0;HAI
0;25;12755;149.0;1.0;HUNG
0;25;12757;149.0;1.0;HAU
0;25;13806;149.0;1.0;SONG
0;25;13814;199.0;1.0;MY
0;25;13817;149.0;1.0;CUC
0;25;13831;399.0;1.0;DAO 
0;25;13831;399.0;1.0;THANH
0;25;13831;399.0;2.0;HOA
0;25;13831;399.0;1.0;HIEN
0;25;13831;399.0;1.0;VY
0;25;13831;399.0;1.0;NHI
0;25;13831;399.0;1.0;HOA
0;25;13832;399.0;1.0;HAI
0;25;13832;399.0;1.0;HUNG
0;25;13832;399.0;1.0;HAU
0;25;13835;199.0;1.0;SONG
0;25;13835;199.0;1.0;MY
0;25;13835;199.0;1.0;CUC
0;25;13850;515.13;1.0;DAO 
0;25;13851;399.0;1.0;THANH
0;25;13851;399.0;3.0;HOA
0;25;13851;399.0;1.0;HIEN
0;25;13851;399.0;2.0;VY
0;25;13851;399.0;1.0;NHI
0;25;13851;399.0;1.0;HOA
0;25;13851;399.0;1.0;HAI
0;25;14158;448.5;1.0;HUNG
0;25;13789;199.0;1.0;HAU
0;25;14158;449.0;1.0;SONG
0;25;13789;199.0;1.0;MY
0;25;13789;199.0;1.0;CUC
0;25;13008;149.0;1.0;DAO 
0;25;13018;149.0;1.0;THANH
0;25;13018;149.0;1.0;HOA
0;25;13019;149.0;1.0;HIEN
0;25;13019;149.0;1.0;VY
0;25;13020;199.0;1.0;NHI
0;25;13029;1099.0;1.0;HOA
0;25;13030;1099.0;1.0;HAI
0;25;13035;199.0;1.0;HUNG
0;25;13039;149.0;1.0;HAU
0;25;13040;549.0;1.0;SONG
0;25;13040;549.0;1.0;MY
0;25;13068;999.0;1.0;CUC
0;25;13760;149.0;1.0;DAO 
0;25;13761;149.0;1.0;THANH
0;25;13771;149.0;1.0;HOA
0;25;13774;149.0;1.0;HIEN
0;25;13779;149.0;1.0;VY
0;25;13785;199.0;1.0;NHI
0;25;13785;199.0;1.0;HOA
0;25;14150;249.0;1.0;HAI
0;25;13788;299.0;1.0;HUNG
0;25;13789;199.0;4.0;HAU
0;25;13789;199.0;1.0;SONG
0;25;13789;199.0;1.0;MY
0;25;13789;199.0;1.0;CUC
0;25;14160;2199.0;1.0;DAO 
0;25;14160;2199.0;1.0;THANH
0;25;14160;2199.0;1.0;HOA
0;25;13890;349.0;1.0;HIEN
0;25;13890;349.0;1.0;VY
0;25;13890;349.0;4.0;NHI
0;25;13890;349.0;1.0;HOA
0;25;13891;549.0;1.0;HAI
0;25;13892;349.0;1.0;HUNG
0;25;13892;349.0;1.0;HAU
0;25;13892;349.0;1.0;SONG
0;25;13898;299.0;1.0;MY
0;25;13901;299.0;1.0;CUC
0;25;13901;299.0;1.0;DAO 
0;25;13901;299.0;1.0;THANH
0;25;13901;299.0;1.0;HOA
0;25;13901;299.0;1.0;HIEN
0;25;13901;299.0;1.0;VY
0;25;13901;299.0;1.0;NHI
0;25;13901;299.0;2.0;HOA
0;25;13901;299.0;1.0;HAI
0;25;13901;299.0;1.0;HUNG
0;25;13901;299.0;2.0;HAU
0;25;13901;299.0;2.0;SONG
0;25;13901;299.0;1.0;MY
0;25;13901;299.0;1.0;CUC
0;25;13903;199.0;1.0;DAO 
0;25;13905;349.0;1.0;THANH
0;25;13890;349.0;1.0;HOA
0;25;13890;349.0;1.0;HIEN
0;25;13890;349.0;1.0;VY
0;25;13890;349.0;1.0;NHI
0;25;13853;1999.0;1.0;HOA
0;25;13853;1999.0;1.0;HAI
0;25;13854;599.0;1.0;HUNG
0;25;14161;249.0;1.0;HAU
0;25;13868;299.0;1.0;SONG
0;25;13868;299.0;1.0;MY
0;25;13868;299.0;2.0;CUC
0;25;13868;299.0;1.0;DAO 
0;25;13872;499.0;1.0;THANH
0;25;13876;199.0;1.0;HOA
0;25;13879;169.0;1.0;HIEN
0;25;13879;169.0;1.0;VY
0;25;13736;598.5;1.0;NHI
0;25;14164;299.0;1.0;HOA
0;25;13881;549.0;1.0;HAI
0;25;13881;549.0;2.0;HUNG
0;25;13881;549.0;1.0;HAU
0;25;13881;549.0;1.0;SONG
0;25;13881;549.0;1.0;MY
0;25;13881;549.0;1.0;CUC
0;25;13881;549.0;1.0;DAO 
0;25;13881;549.0;1.0;THANH
0;25;13881;549.0;1.0;HOA
0;25;13884;299.0;1.0;HIEN
0;25;13884;299.0;1.0;VY
0;25;13890;349.0;2.0;NHI
0;25;13881;549.0;1.0;HOA
0;25;13736;599.0;1.0;HAI
0;25;13736;598.5;1.0;HUNG
0;25;13735;599.0;1.0;HAU
0;25;12805;399.0;1.0;SONG
0;25;12807;199.0;1.0;MY
0;25;12807;199.0;1.0;CUC
0;25;12809;199.0;1.0;DAO 
0;25;12810;1199.0;1.0;THANH
0;25;12810;1199.0;1.0;HOA
0;25;12810;1199.0;1.0;HIEN
0;25;12817;149.0;1.0;VY
0;25;12817;149.0;1.0;NHI
0;25;12822;349.0;1.0;HOA
0;25;12822;349.0;1.0;HAI
0;25;12822;349.0;1.0;HUNG
0;25;12822;349.0;1.0;HAU
0;25;13569;499.0;1.0;SONG
0;25;13569;499.0;2.0;MY
0;25;13569;498.5;1.0;CUC
0;25;13569;499.0;1.0;DAO 
0;25;13569;499.0;1.0;THANH
0;25;13569;499.0;3.0;HOA
0;25;13569;499.0;1.0;HIEN
0;25;13569;499.0;1.0;VY
0;25;13569;499.0;1.0;NHI
0;25;12827;149.0;1.0;HOA
0;25;12827;149.0;1.0;HAI
0;25;12827;149.0;1.0;HUNG
0;25;12805;399.0;1.0;HAU
0;25;12805;399.0;1.0;SONG
0;25;12804;699.0;1.0;MY
0;25;12803;1599.0;1.0;CUC
0;25;12766;149.0;1.0;DAO 
0;25;12767;749.0;1.0;THANH
0;25;12774;299.0;1.0;HOA
0;25;12780;149.0;1.0;HIEN
0;25;12783;349.0;3.0;VY
0;25;12783;349.0;1.0;NHI
0;25;12783;349.0;1.0;HOA
0;25;12783;349.0;1.0;HAI
0;25;12783;349.0;1.0;HUNG
0;25;12783;349.0;1.0;HAU
0;25;12783;349.0;2.0;SONG
0;25;12783;349.0;2.0;MY
0;25;13573;349.0;1.0;CUC
0;25;12783;349.0;1.0;DAO 
0;25;12783;349.0;1.0;THANH
0;25;12787;149.0;2.0;HOA
0;25;12787;149.0;1.0;HIEN
0;25;12787;149.0;1.0;VY
0;25;12787;149.0;1.0;NHI
0;25;12790;198.0;1.0;HOA
0;25;12790;198.0;1.0;HAI
0;25;12795;299.0;1.0;HUNG
0;25;12795;299.0;1.0;HAU
0;25;12796;299.0;1.0;SONG
0;25;12797;199.0;1.0;MY
0;25;12803;1599.0;1.0;CUC
0;25;12783;349.0;1.0;DAO 
0;25;12757;149.0;1.0;THANH
0;25;12828;149.0;1.0;HOA
0;25;12830;749.0;1.0;HIEN
0;25;13602;210.0;1.0;VY
0;25;12933;149.0;1.0;NHI
0;25;12943;149.0;1.0;HOA
0;25;12946;149.0;1.0;HAI
0;25;12947;199.0;1.0;HUNG
0;25;12947;199.0;1.0;HAU
0;25;12947;199.0;1.0;SONG
0;25;12948;399.0;1.0;MY
0;25;12951;349.0;1.0;CUC
0;25;13605;299.0;1.0;DAO 
0;25;12953;199.0;1.0;THANH
0;25;12958;199.0;1.0;HOA
0;25;12962;199.0;1.0;HIEN
0;25;12967;199.0;1.0;VY
0;25;12967;199.0;1.0;NHI
0;25;12968;199.0;1.0;HOA
0;25;12970;199.0;1.0;HAI
0;25;12975;199.0;1.0;HUNG
0;25;13610;299.0;1.0;HAU
0;25;13733;499.0;1.0;SONG
0;25;13733;499.0;1.0;MY
0;25;13733;499.0;1.0;CUC
0;25;13733;499.0;1.0;DAO 
0;25;13006;349.0;1.0;THANH
0;25;13735;599.0;1.0;HOA
0;25;13601;210.0;2.0;HIEN
0;25;13601;210.0;1.0;VY
0;25;13601;210.0;1.0;NHI
0;25;12927;149.0;1.0;HOA
0;25;12830;749.0;1.0;HAI
0;25;12832;649.0;1.0;HUNG
0;25;12835;149.0;1.0;HAU
0;25;12835;149.0;1.0;SONG
0;25;12839;149.0;1.0;MY
0;25;12849;58.0;1.0;CUC
0;25;12858;1599.0;1.0;DAO 
0;25;12858;1599.0;0.0;THANH
0;25;12859;399.0;1.0;HOA
0;25;12860;149.0;1.0;HIEN
0;25;12874;399.0;1.0;VY
0;25;12876;299.0;1.0;NHI
0;25;12828;149.0;1.0;HOA
0;25;12876;299.0;1.0;HAI
0;25;12892;199.0;1.0;HUNG
0;25;12897;149.0;1.0;HAU
0;25;12911;149.0;1.0;SONG
0;25;12913;149.0;1.0;MY
0;25;12915;149.0;1.0;CUC
0;25;12917;249.0;1.0;DAO 
0;25;12917;249.0;1.0;THANH
0;25;12917;249.0;1.0;HOA
0;25;12917;249.0;1.0;HIEN
0;25;12917;249.0;1.0;VY
0;25;12921;199.0;1.0;NHI
0;25;12922;198.0;1.0;HOA
0;25;12879;149.0;1.0;HAI
0;25;14911;299.0;1.0;HUNG
0;25;14911;299.0;1.0;HAU
0;25;14923;149.0;1.0;SONG
0;25;16993;399.0;3.0;MY
0;25;16993;399.0;2.0;CUC
0;25;16993;399.0;4.0;DAO 
0;25;16993;399.0;2.0;THANH
0;25;16993;399.0;1.0;HOA
0;25;16993;399.0;1.0;HIEN
0;25;16993;399.0;1.0;VY
0;25;16993;399.0;1.0;NHI
0;25;16993;399.0;1.0;HOA
0;25;16993;399.0;1.0;HAI
0;25;16993;399.0;2.0;HUNG
0;25;16994;549.0;1.0;HAU
0;25;16994;549.0;1.0;SONG
0;25;16994;549.0;1.0;MY
0;25;16994;549.0;2.0;CUC
0;25;17008;298.0;1.0;DAO 
0;25;17009;299.0;1.0;THANH
0;25;17620;299.0;1.0;HOA
0;25;17620;299.0;1.0;HIEN
0;25;17018;199.0;1.0;VY
0;25;17020;349.0;1.0;NHI
0;25;17621;299.0;1.0;HOA
0;25;17624;299.0;1.0;HAI
0;25;17625;299.0;1.0;HUNG
0;25;17038;99.0;1.0;HAU
0;25;16993;399.0;2.0;SONG
0;25;17058;149.0;1.0;MY
0;25;16993;399.0;2.0;CUC
0;25;16993;399.0;1.0;DAO 
0;25;16890;399.0;1.0;THANH
0;25;16890;399.0;1.0;HOA
0;25;16891;1499.0;1.0;HIEN
0;25;16891;1499.0;1.0;VY
0;25;16891;1499.0;1.0;NHI
0;25;16893;149.0;1.0;HOA
0;25;16894;149.0;1.0;HAI
0;25;16894;149.0;1.0;HUNG
0;25;16913;1699.0;1.0;HAU
0;25;16919;399.0;1.0;SONG
0;25;16919;399.0;1.0;MY
0;25;16919;399.0;1.0;CUC
0;25;16929;149.0;1.0;DAO 
0;25;16931;299.0;1.0;THANH
0;25;16935;1099.0;1.0;HOA
0;25;16939;149.0;1.0;HIEN
0;25;16966;149.0;1.0;VY
0;25;16971;499.0;1.0;NHI
0;25;16971;291.15;1.0;HOA
0;25;16982;149.0;1.0;HAI
0;25;16987;299.0;1.0;HUNG
0;25;17610;299.0;1.0;HAU
0;25;17610;299.0;1.0;SONG
0;25;16991;349.0;1.0;MY
0;25;16991;349.0;1.0;CUC
0;25;16993;399.0;2.0;DAO 
0;25;17060;149.0;1.0;THANH
0;25;17061;399.0;1.0;HOA
0;25;17063;149.0;1.0;HIEN
0;25;17180;149.0;1.0;VY
0;25;17184;149.0;1.0;NHI
0;25;17184;149.0;1.0;HOA
0;25;17185;349.0;1.0;HAI
0;25;17185;349.0;1.0;HUNG
0;25;17185;349.0;1.0;HAU
0;25;17185;349.0;1.0;SONG
0;25;17185;349.0;1.0;MY
0;25;17185;349.0;1.0;CUC
0;25;17192;199.0;1.0;DAO 
0;25;17194;199.0;1.0;THANH
0;25;17207;299.0;1.0;HOA
0;25;17210;1999.0;1.0;HIEN
0;25;17210;1999.0;1.0;VY
0;25;17213;149.0;2.0;NHI
0;25;17213;149.0;1.0;HOA
0;25;17213;149.0;1.0;HAI
0;25;17213;149.0;1.0;HUNG
0;25;17213;149.0;2.0;HAU
0;25;17213;149.0;1.0;SONG
0;25;17221;149.0;1.0;MY
0;25;17222;199.0;1.0;CUC
0;25;17236;249.0;1.0;DAO 
0;25;17238;98.0;1.0;THANH
0;25;17241;349.0;3.0;HOA
0;25;17173;499.0;1.0;HIEN
0;25;17172;149.0;1.0;VY
0;25;17170;299.0;1.0;NHI
0;25;17652;249.0;1.0;HOA
0;25;17063;149.0;1.0;HAI
0;25;17064;149.0;1.0;HUNG
0;25;17064;149.0;1.0;HAU
0;25;17065;149.0;1.0;SONG
0;25;17065;149.0;1.0;MY
0;25;17066;149.0;1.0;CUC
0;25;17066;149.0;1.0;DAO 
0;25;17068;649.0;2.0;THANH
0;25;17068;649.0;1.0;HOA
0;25;17075;398.0;1.0;HIEN
0;25;17081;398.0;1.0;VY
0;25;17070;999.0;1.0;NHI
0;25;16890;399.0;1.0;HOA
0;25;17084;1199.0;1.0;HAI
0;25;17089;399.0;1.0;HUNG
0;25;17090;399.0;1.0;HAU
0;25;17090;399.0;1.0;SONG
0;25;17095;149.0;1.0;MY
0;25;17102;299.0;1.0;CUC
0;25;17111;149.0;1.0;DAO 
0;25;17111;149.0;1.0;THANH
0;25;17118;58.0;1.0;HOA
0;25;17644;1199.0;1.0;HIEN
0;25;17148;149.0;1.0;VY
0;25;17154;369.0;1.0;NHI
0;25;17163;299.0;1.0;HOA
0;25;17084;1199.0;0.0;HAI
0;25;16890;399.0;2.0;HUNG
0;25;16890;399.0;1.0;HAU
0;25;16890;399.0;1.0;SONG
0;25;16626;499.0;1.0;MY
0;25;16640;149.0;1.0;CUC
0;25;16644;299.0;1.0;DAO 
0;25;16647;149.0;1.0;THANH
0;25;16647;149.0;1.0;HOA
0;25;16652;198.0;1.0;HIEN
0;25;16656;149.0;1.0;VY
0;25;16656;149.0;1.0;NHI
0;25;16656;149.0;1.0;HOA
0;25;16665;1999.0;1.0;HAI
0;25;16665;1999.0;1.0;HUNG
0;25;16665;1999.0;1.0;HAU
0;25;16665;1999.0;1.0;SONG
0;25;16669;28.0;1.0;MY
0;25;16679;999.0;1.0;CUC
0;25;16682;248.0;1.0;DAO 
0;25;16682;248.0;1.0;THANH
0;25;16828;100.0;2.0;HOA
0;25;16828;70.0;1.0;HIEN
0;25;16829;190.0;1.0;VY
0;25;16829;190.0;1.0;NHI
0;25;16829;90.0;1.0;HOA
0;25;16831;60.0;1.0;HAI
0;25;16831;45.0;1.0;HUNG
0;25;16831;45.0;1.0;HAU
0;25;16626;249.5;1.0;SONG
0;25;16626;249.5;1.0;MY
0;25;16626;499.0;1.0;CUC
0;25;16626;411.08;1.0;DAO 
0;25;16580;349.0;1.0;THANH
0;25;16587;149.0;1.0;HOA
0;25;16587;149.0;1.0;HIEN
0;25;16587;149.0;1.0;VY
0;25;16588;299.0;1.0;NHI
0;25;16588;299.0;1.0;HOA
0;25;16822;249.0;1.0;HAI
0;25;16594;349.0;1.0;HUNG
0;25;16594;349.0;1.0;HAU
0;25;16594;349.0;1.0;SONG
0;25;16594;349.0;1.0;MY
0;25;16594;349.0;1.0;CUC
0;25;16832;100.0;2.0;DAO 
0;25;16599;149.0;1.0;THANH
0;25;16620;499.0;1.0;HOA
0;25;16620;499.0;1.0;HIEN
0;25;16623;399.0;5.0;VY
0;25;16623;399.0;2.0;NHI
0;25;16623;399.0;6.0;HOA
0;25;16623;399.0;5.0;HAI
0;25;16623;399.0;1.0;HUNG
0;25;16623;399.0;1.0;HAU
0;25;16623;399.0;2.0;SONG
0;25;16624;499.0;4.0;MY
0;25;16624;499.0;3.0;CUC
0;25;16624;499.0;1.0;DAO 
0;25;16620;499.0;1.0;THANH
0;25;17241;349.0;2.0;HOA
0;25;16832;100.0;1.0;HIEN
0;25;16832;100.0;2.0;VY
0;25;16859;399.0;1.0;NHI
0;25;16859;399.0;1.0;HOA
0;25;16859;399.0;1.0;HAI
0;25;16859;399.0;1.0;HUNG
0;25;16859;399.0;1.0;HAU
0;25;16870;379.0;1.0;SONG
0;25;16870;379.0;1.0;MY
0;25;16870;379.0;1.0;CUC
0;25;16870;379.0;1.0;DAO 
0;25;16873;149.0;1.0;THANH
0;25;16873;149.0;1.0;HOA
0;25;16874;149.0;1.0;HIEN
0;25;16874;149.0;1.0;VY
0;25;16874;149.0;2.0;NHI
0;25;16874;149.0;1.0;HOA
0;25;16874;149.0;1.0;HAI
0;25;16877;149.0;1.0;HUNG
0;25;16877;149.0;1.0;HAU
0;25;16878;149.0;1.0;SONG
0;25;16878;149.0;1.0;MY
0;25;16882;149.0;1.0;CUC
0;25;16882;149.0;1.0;DAO 
0;25;16890;399.0;2.0;THANH
0;25;16890;399.0;1.0;HOA
0;25;16890;399.0;2.0;HIEN
0;25;16857;148.0;1.0;VY
0;25;16856;149.0;1.0;NHI
0;25;16852;349.0;1.0;HOA
0;25;16852;349.0;1.0;HAI
0;25;16832;100.0;1.0;HUNG
0;25;16832;100.0;7.0;HAU
0;25;16832;100.0;1.0;SONG
0;25;16832;100.0;1.0;MY
0;25;16832;100.0;1.0;CUC
0;25;16832;100.0;1.0;DAO 
0;25;16832;100.0;2.0;THANH
0;25;16832;100.0;3.0;HOA
0;25;16832;100.0;4.0;HIEN
0;25;16832;100.0;2.0;VY
0;25;16832;100.0;2.0;NHI
0;25;16832;45.0;2.0;HOA
0;25;16832;100.0;3.0;HAI
0;25;16832;45.0;4.0;HUNG
0;25;16832;45.0;3.0;HAU
0;25;16832;45.0;1.0;SONG
0;25;16832;45.0;3.0;MY
0;25;16832;45.0;2.0;CUC
0;25;16693;149.0;1.0;DAO 
0;25;16704;599.0;1.0;THANH
0;25;16713;199.0;1.0;HOA
0;25;16713;199.0;1.0;HIEN
0;25;16726;149.0;1.0;VY
0;25;16746;399.0;1.0;NHI
0;25;16746;399.0;0.0;HOA
0;25;16747;149.0;1.0;HAI
0;25;16832;45.0;2.0;HUNG
0;25;16579;199.0;1.0;HAU
0;25;17241;349.0;2.0;SONG
0;25;17241;349.0;3.0;MY
0;25;17547;149.0;1.0;CUC
0;25;17556;149.0;1.0;DAO 
0;25;17560;399.0;1.0;THANH
0;25;17560;399.0;1.0;HOA
0;25;17561;149.0;1.0;HIEN
0;25;17567;349.0;1.0;VY
0;25;17567;349.0;1.0;NHI
0;25;17567;349.0;1.0;HOA
0;25;17567;349.0;1.0;HAI
0;25;17576;499.0;1.0;HUNG
0;25;17762;149.0;1.0;HAU
0;25;17765;199.0;1.0;SONG
0;25;18014;249.0;1.0;MY
0;25;17794;149.0;1.0;CUC
0;25;17795;449.0;1.0;DAO 
0;25;17795;449.0;1.0;THANH
0;25;17790;1599.0;1.0;HOA
0;25;17790;1599.0;0.0;HIEN
0;25;17790;599.0;1.0;VY
0;25;17801;28.0;1.0;NHI
0;25;17801;28.0;1.0;HOA
0;25;17801;28.0;1.0;HAI
0;25;17801;28.0;1.0;HUNG
0;25;17801;28.0;1.0;HAU
0;25;17801;28.0;1.0;SONG
0;25;17545;149.0;1.0;MY
0;25;17801;28.0;1.0;CUC
0;25;17543;1199.0;1.0;DAO 
0;25;17533;1199.0;2.0;THANH
0;25;17480;399.0;1.0;HOA
0;25;17480;399.0;1.0;HIEN
0;25;17480;399.0;1.0;VY
0;25;17481;1107.88;1.0;NHI
0;25;17481;1149.5;1.0;HOA
0;25;17481;1399.0;1.0;HAI
0;25;17481;1249.5;1.0;HUNG
0;25;17481;1399.0;1.0;HAU
0;25;17481;1399.0;1.0;SONG
0;25;17481;1399.0;1.0;MY
0;25;17482;699.0;1.0;CUC
0;25;17483;349.0;1.0;DAO 
0;25;17489;149.0;1.0;THANH
0;25;17491;199.0;1.0;HOA
0;25;17491;199.0;1.0;HIEN
0;25;17750;3490.0;1.0;VY
0;25;17497;399.0;1.0;NHI
0;25;17497;399.0;1.0;HOA
0;25;17497;399.0;1.0;HAI
0;25;17497;149.0;1.0;HUNG
0;25;17503;249.0;1.0;HAU
0;25;17503;249.0;1.0;SONG
0;25;17505;3799.0;1.0;MY
0;25;17505;3039.0;1.0;CUC
0;25;17506;699.0;1.0;DAO 
0;25;17543;1199.0;1.0;THANH
0;25;17801;28.0;1.0;HOA
0;25;17811;149.0;1.0;HIEN
0;25;17811;149.0;1.0;VY
0;25;17862;399.0;1.0;NHI
0;25;17862;399.0;1.0;HOA
0;25;17862;399.0;1.0;HAI
0;25;17862;399.0;2.0;HUNG
0;25;17862;399.0;1.0;HAU
0;25;17862;399.0;1.0;SONG
0;25;17863;299.0;2.0;MY
0;25;17863;299.0;1.0;CUC
0;25;17863;299.0;1.0;DAO 
0;25;17863;299.0;1.0;THANH
0;25;17863;299.0;2.0;HOA
0;25;17863;299.0;1.0;HIEN
0;25;17863;299.0;1.0;VY
0;25;17863;299.0;2.0;NHI
0;25;17863;299.0;1.0;HOA
0;25;17863;299.0;1.0;HAI
0;25;17863;299.0;1.0;HUNG
0;25;17863;299.0;1.0;HAU
0;25;17863;299.0;1.0;SONG
0;25;17909;149.0;1.0;MY
0;25;17914;1599.0;1.0;CUC
0;25;17914;599.0;1.0;DAO 
0;25;17916;149.0;1.0;THANH
0;25;17916;149.0;1.0;HOA
0;25;17916;149.0;1.0;HIEN
0;25;17862;399.0;1.0;VY
0;25;17862;399.0;4.0;NHI
0;25;17862;399.0;1.0;HOA
0;25;17862;399.0;3.0;HAI
0;25;17811;149.0;1.0;HUNG
0;25;18022;500.0;1.0;HAU
0;25;17819;149.0;1.0;SONG
0;25;17819;149.0;1.0;MY
0;25;17819;149.0;1.0;CUC
0;25;17819;149.0;1.0;DAO 
0;25;17835;149.0;1.0;THANH
0;25;17837;349.0;1.0;HOA
0;25;17837;349.0;1.0;HIEN
0;25;17838;499.0;1.0;VY
0;25;17838;499.0;1.0;NHI
0;25;17843;149.0;1.0;HOA
0;25;17480;399.0;1.0;HAI
0;25;18058;249.0;1.0;HUNG
0;25;17854;149.0;1.0;HAU
0;25;17854;149.0;1.0;SONG
0;25;17854;149.0;1.0;MY
0;25;17860;399.0;1.0;CUC
0;25;17860;399.0;1.0;DAO 
0;25;17861;399.0;1.0;THANH
0;25;17861;399.0;1.0;HOA
0;25;17862;399.0;3.0;HIEN
0;25;17862;399.0;3.0;VY
0;25;17862;399.0;2.0;NHI
0;25;17862;399.0;2.0;HOA
0;25;17862;399.0;3.0;HAI
0;25;17853;149.0;1.0;HUNG
0;25;17480;399.0;1.0;HAU
0;25;17480;399.0;1.0;SONG
0;25;17479;149.0;1.0;MY
0;25;17278;399.0;3.0;CUC
0;25;17278;399.0;2.0;DAO 
0;25;17278;399.0;1.0;THANH
0;25;17278;399.0;1.0;HOA
0;25;17278;399.0;1.0;HIEN
0;25;17278;399.0;1.0;VY
0;25;17278;399.0;2.0;NHI
0;25;17278;399.0;1.0;HOA
0;25;17280;149.0;1.0;HAI
0;25;17282;349.0;1.0;HUNG
0;25;17284;299.0;1.0;HAU
0;25;17285;499.0;1.0;SONG
0;25;17706;299.5;1.0;MY
0;25;17707;899.0;1.0;CUC
0;25;17707;899.0;1.0;DAO 
0;25;17707;899.0;1.0;THANH
0;25;17707;899.0;1.0;HOA
0;25;17708;899.0;1.0;HIEN
0;25;17710;1499.0;1.0;VY
0;25;17710;1499.0;1.0;NHI
0;25;17710;1499.0;1.0;HOA
0;25;17313;149.0;1.0;HAI
0;25;17317;399.0;1.0;HUNG
0;25;17317;399.0;1.0;HAU
0;25;17317;399.0;1.0;SONG
0;25;17278;399.0;1.0;MY
0;25;17278;399.0;1.0;CUC
0;25;17278;399.0;1.0;DAO 
0;25;17278;399.0;1.0;THANH
0;25;17241;349.0;2.0;HOA
0;25;17241;349.0;1.0;HIEN
0;25;17241;349.0;1.0;VY
0;25;17241;349.0;1.0;NHI
0;25;17241;349.0;1.0;HOA
0;25;17241;349.0;3.0;HAI
0;25;17241;349.0;1.0;HUNG
0;25;17241;349.0;3.0;HAU
0;25;17241;349.0;1.0;SONG
0;25;17242;549.0;1.0;MY
0;25;17242;549.0;1.0;CUC
0;25;17242;549.0;1.0;DAO 
0;25;17317;399.0;1.0;THANH
0;25;17242;549.0;1.0;HOA
0;25;17242;549.0;1.0;HIEN
0;25;17242;549.0;1.0;VY
0;25;17267;149.0;1.0;NHI
0;25;17696;1999.0;1.0;HOA
0;25;17696;1999.0;1.0;HAI
0;25;17696;1999.0;1.0;HUNG
0;25;17277;149.0;1.0;HAU
0;25;17278;399.0;2.0;SONG
0;25;17278;399.0;1.0;MY
0;25;17278;399.0;6.0;CUC
0;25;17278;399.0;2.0;DAO 
0;25;17278;399.0;1.0;THANH
0;25;17242;549.0;1.0;HOA
0;25;17241;349.0;3.0;HIEN
0;25;17318;1149.5;1.0;VY
0;25;17318;1249.5;0.0;NHI
0;25;17417;399.0;1.0;HOA
0;25;17418;149.0;1.0;HAI
0;25;17418;149.0;1.0;HUNG
0;25;17418;149.0;1.0;HAU
0;25;17422;149.0;1.0;SONG
0;25;17422;149.0;1.0;MY
0;25;17424;399.0;1.0;CUC
0;25;17424;399.0;1.0;DAO 
0;25;17424;399.0;1.0;THANH
0;25;17424;399.0;1.0;HOA
0;25;17426;349.0;1.0;HIEN
0;25;17429;299.0;1.0;VY
0;25;17444;199.0;1.0;NHI
0;25;17452;149.0;1.0;HOA
0;25;17452;149.0;1.0;HAI
0;25;17737;3490.0;1.0;HUNG
0;25;17472;349.0;1.0;HAU
0;25;17472;349.0;1.0;SONG
0;25;17473;249.5;1.0;MY
0;25;17473;249.5;1.0;CUC
0;25;17475;399.0;1.0;DAO 
0;25;17476;999.0;1.0;THANH
0;25;17477;549.0;1.0;HOA
0;25;17479;149.0;1.0;HIEN
0;25;17479;149.0;1.0;VY
0;25;17396;1799.0;1.0;NHI
0;25;17394;149.0;1.0;HOA
0;25;17393;399.0;1.0;HAI
0;25;17386;149.0;1.0;HUNG
0;25;17319;699.0;1.0;HAU
0;25;17322;149.0;2.0;SONG
0;25;17327;149.0;1.0;MY
0;25;17717;1099.0;2.0;CUC
0;25;17337;299.0;1.0;DAO 
0;25;17338;149.0;1.0;THANH
0;25;17338;149.0;1.0;HOA
0;25;17339;149.0;1.0;HIEN
0;25;17342;149.0;1.0;VY
0;25;17343;549.0;1.0;NHI
0;25;17350;149.0;1.0;HOA
0;25;17362;149.0;2.0;HAI
0;25;17318;1249.5;1.0;HUNG
0;25;17362;149.0;1.0;HAU
0;25;17362;149.0;1.0;SONG
0;25;17362;149.0;1.0;MY
0;25;17363;149.0;1.0;CUC
0;25;17363;149.0;1.0;DAO 
0;25;17363;149.0;1.0;THANH
0;25;17378;299.0;1.0;HOA
0;25;17378;299.0;1.0;HIEN
0;25;17378;299.0;1.0;VY
0;25;17379;299.0;2.0;NHI
0;25;17380;299.0;2.0;HOA
0;25;17381;299.0;1.0;HAI
0;25;17381;299.0;1.0;HUNG
0;25;17362;149.0;1.0;HAU
0;25;12552;149.0;1.0;SONG
0;25;16579;199.0;1.0;MY
0;25;16546;149.0;1.0;CUC
0;25;16167;659.0;1.0;DAO 
0;25;16167;659.0;1.0;THANH
0;25;16167;659.0;1.0;HOA
0;25;16167;659.0;1.0;HIEN
0;25;16167;659.0;1.0;VY
0;25;16146;1399.0;1.0;NHI
0;25;16146;1399.0;1.0;HOA
0;25;16146;1399.0;1.0;HAI
0;25;16182;1619.0;1.0;HUNG
0;25;16182;1619.0;1.0;HAU
0;25;16182;1619.0;1.0;SONG
0;25;16176;399.0;1.0;MY
0;25;16176;399.0;1.0;CUC
0;25;16176;399.0;1.0;DAO 
0;25;16180;1679.0;1.0;THANH
0;25;16183;3239.0;1.0;HOA
0;25;16183;3239.0;1.0;HIEN
0;25;16183;3239.0;1.0;VY
0;25;16184;249.0;2.0;NHI
0;25;16184;249.0;1.0;HOA
0;25;16184;249.0;1.0;HAI
0;25;16184;249.0;1.0;HUNG
0;25;16184;249.0;1.0;HAU
0;25;16184;249.0;1.0;SONG
0;25;16184;249.0;1.0;MY
0;25;16167;659.0;1.0;CUC
0;25;16184;249.0;1.0;DAO 
0;25;16160;1499.0;1.0;THANH
0;25;16159;629.0;1.0;HOA
0;25;16106;549.0;1.0;HIEN
0;25;16106;549.0;1.0;VY
0;25;16108;249.0;1.0;NHI
0;25;16108;249.0;1.0;HOA
0;25;16122;699.0;1.0;HAI
0;25;16122;699.0;1.0;HUNG
0;25;16125;589.0;1.0;HAU
0;25;16125;589.0;1.0;SONG
0;25;16125;589.0;1.0;MY
0;25;16128;1099.0;1.0;CUC
0;25;16134;899.0;1.0;DAO 
0;25;16135;249.0;1.0;THANH
0;25;16135;249.0;1.0;HOA
0;25;16135;249.0;1.0;HIEN
0;25;16144;249.0;1.0;VY
0;25;16144;249.0;1.0;NHI
0;25;16144;249.0;1.0;HOA
0;25;16147;549.0;1.0;HAI
0;25;16149;549.0;1.0;HUNG
0;25;16149;549.0;1.0;HAU
0;25;16154;639.0;1.0;SONG
0;25;16154;639.0;1.0;MY
0;25;16159;629.0;1.0;CUC
0;25;16159;629.0;1.0;DAO 
0;25;16159;629.0;1.0;THANH
0;25;16160;1499.0;1.0;HOA
0;25;16184;249.0;1.0;HIEN
0;25;16189;249.0;1.0;VY
0;25;16189;249.0;1.0;NHI
0;25;16227;379.0;1.0;HOA
0;25;16227;379.0;2.0;HAI
0;25;16227;379.0;2.0;HUNG
0;25;16227;379.0;1.0;HAU
0;25;16227;379.0;1.0;SONG
0;25;16227;379.0;1.0;MY
0;25;16227;379.0;1.0;CUC
0;25;16227;379.0;3.0;DAO 
0;25;16227;379.0;1.0;THANH
0;25;16227;379.0;2.0;HOA
0;25;16227;379.0;1.0;HIEN
0;25;16227;379.0;1.0;VY
0;25;16227;379.0;2.0;NHI
0;25;16227;379.0;1.0;HOA
0;25;16227;379.0;1.0;HAI
0;25;16227;379.0;1.0;HUNG
0;25;16227;379.0;2.0;HAU
0;25;16229;309.0;1.0;SONG
0;25;16229;309.0;1.0;MY
0;25;16229;309.0;1.0;CUC
0;25;16230;669.0;1.0;DAO 
0;25;16235;1999.0;1.0;THANH
0;25;16235;1999.0;1.0;HOA
0;25;16244;249.0;1.0;HIEN
0;25;16244;249.0;1.0;VY
0;25;16227;379.0;2.0;NHI
0;25;16227;379.0;2.0;HOA
0;25;16219;399.0;1.0;HAI
0;25;16217;249.0;1.0;HUNG
0;25;16189;249.0;2.0;HAU
0;25;16189;249.0;1.0;SONG
0;25;16189;249.0;1.0;MY
0;25;16202;599.0;1.0;CUC
0;25;16202;599.0;1.0;DAO 
0;25;16202;599.0;1.0;THANH
0;25;16203;599.0;2.0;HOA
0;25;16203;599.0;1.0;HIEN
0;25;16203;599.0;1.0;VY
0;25;16203;599.0;1.0;NHI
0;25;16203;599.0;1.0;HOA
0;25;16203;599.0;2.0;HAI
0;25;16092;249.0;1.0;HUNG
0;25;16205;299.0;1.0;HAU
0;25;16206;599.0;1.0;SONG
0;25;16206;599.0;1.0;MY
0;25;16209;299.0;1.0;CUC
0;25;16209;299.0;1.0;DAO 
0;25;16209;299.0;1.0;THANH
0;25;16209;299.0;1.0;HOA
0;25;16209;299.0;1.0;HIEN
0;25;16210;329.0;2.0;VY
0;25;16210;329.0;1.0;NHI
0;25;16217;249.0;2.0;HOA
0;25;16217;249.0;1.0;HAI
0;25;16217;249.0;1.0;HUNG
0;25;16205;299.0;1.0;HAU
0;25;16092;249.0;1.0;SONG
0;25;16092;249.0;1.0;MY
0;25;16092;249.0;1.0;CUC
0;25;15273;599.0;1.0;DAO 
0;25;15274;599.0;1.0;THANH
0;25;15274;599.0;1.0;HOA
0;25;15297;959.0;1.0;HIEN
0;25;15297;959.0;1.0;VY
0;25;15298;1259.0;1.0;NHI
0;25;15298;1259.0;1.0;HOA
0;25;15298;1259.0;1.0;HAI
0;25;15313;539.0;1.0;HUNG
0;25;15314;399.0;1.0;HAU
0;25;15363;449.0;1.0;SONG
0;25;15369;449.0;1.0;MY
0;25;15378;1029.0;1.0;CUC
0;25;15378;1029.0;1.0;DAO 
0;25;15378;1029.0;1.0;THANH
0;25;15428;449.0;1.0;HOA
0;25;15428;449.0;1.0;HIEN
0;25;15428;449.0;1.0;VY
0;25;15443;549.0;1.0;NHI
0;25;15450;549.0;1.0;HOA
0;25;15450;549.0;1.0;HAI
0;25;15456;549.0;1.0;HUNG
0;25;15458;449.0;1.0;HAU
0;25;15482;849.0;1.0;SONG
0;25;15482;849.0;1.0;MY
0;25;15272;599.0;1.0;CUC
0;25;15259;1149.0;1.0;DAO 
0;25;15259;1149.0;1.0;THANH
0;25;15259;1149.0;1.0;HOA
0;25;14923;149.0;1.0;HIEN
0;25;14923;149.0;1.0;VY
0;25;14925;1549.0;1.0;NHI
0;25;14925;1549.0;1.0;HOA
0;25;14926;1662.22;1.0;HAI
0;25;14927;1499.0;1.0;HUNG
0;25;15241;599.0;1.0;HAU
0;25;15241;599.0;1.0;SONG
0;25;15241;599.0;1.0;MY
0;25;15255;1199.0;1.0;CUC
0;25;15255;1199.0;1.0;DAO 
0;25;15255;1199.0;2.0;THANH
0;25;15533;349.0;1.0;HOA
0;25;15255;1199.0;2.0;HIEN
0;25;15256;1199.0;1.0;VY
0;25;15256;1199.0;1.0;NHI
0;25;15256;1199.0;1.0;HOA
0;25;15256;1199.0;1.0;HAI
0;25;15257;1199.0;1.0;HUNG
0;25;15257;1199.0;1.0;HAU
0;25;15258;629.0;1.0;SONG
0;25;15258;629.0;2.0;MY
0;25;15258;629.0;1.0;CUC
0;25;15259;1149.0;1.0;DAO 
0;25;15259;1149.0;1.0;THANH
0;25;15259;1149.0;1.0;HOA
0;25;15256;1199.0;1.0;HIEN
0;25;16244;249.0;1.0;VY
0;25;15533;349.0;1.0;NHI
0;25;15533;349.0;1.0;HOA
0;25;16010;299.0;1.0;HAI
0;25;16010;299.0;1.0;HUNG
0;25;16011;999.0;1.0;HAU
0;25;16011;999.0;1.0;SONG
0;25;16011;999.0;1.0;MY
0;25;16014;299.0;1.0;CUC
0;25;16014;299.0;1.0;DAO 
0;25;16014;299.0;2.0;THANH
0;25;16014;299.0;1.0;HOA
0;25;16014;299.0;1.0;HIEN
0;25;16014;299.0;1.0;VY
0;25;16043;1390.0;1.0;NHI
0;25;16043;1390.0;1.0;HOA
0;25;16043;1390.0;1.0;HAI
0;25;16043;1390.0;1.0;HUNG
0;25;16043;1390.0;1.0;HAU
0;25;16044;1299.0;1.0;SONG
0;25;16060;999.0;1.0;MY
0;25;16071;249.0;1.0;CUC
0;25;16071;249.0;1.0;DAO 
0;25;16071;249.0;1.0;THANH
0;25;16071;249.0;1.0;HOA
0;25;16071;249.0;1.0;HIEN
0;25;16072;1299.0;2.0;VY
0;25;16092;249.0;1.0;NHI
0;25;16009;999.0;1.0;HOA
0;25;16009;999.0;1.0;HAI
0;25;16022;1599.0;1.0;HUNG
0;25;16022;1599.0;1.0;HAU
0;25;15533;349.0;1.0;SONG
0;25;15533;349.0;1.0;MY
0;25;15535;149.0;1.0;CUC
0;25;15535;149.0;1.0;DAO 
0;25;15540;149.0;1.0;THANH
0;25;15541;299.0;1.0;HOA
0;25;15880;1579.0;1.0;HIEN
0;25;15880;1579.0;1.0;VY
0;25;15549;149.0;1.0;NHI
0;25;15980;120.0;1.0;HOA
0;25;15981;120.0;1.0;HAI
0;25;15981;120.0;1.0;HUNG
0;25;15533;349.0;1.0;HAU
0;25;15981;120.0;2.0;SONG
0;25;15558;499.0;1.0;MY
0;25;15559;149.0;1.0;CUC
0;25;15559;149.0;1.0;DAO 
0;25;15559;149.0;1.0;THANH
0;25;15561;149.0;1.0;HOA
0;25;15991;399.0;1.0;HIEN
0;25;15991;399.0;1.0;VY
0;25;15991;399.0;1.0;NHI
0;25;16020;299.0;1.0;HOA
0;25;16021;1599.0;1.0;HAI
0;25;16021;1599.0;1.0;HUNG
0;25;16021;1599.0;1.0;HAU
0;25;15983;120.0;1.0;SONG
0;25;16562;249.0;1.0;MY
0;25;16244;249.0;1.0;CUC
0;25;16244;249.0;1.0;DAO 
0;25;16430;899.0;1.0;THANH
0;25;16430;899.0;1.0;HOA
0;25;16430;899.0;1.0;HIEN
0;25;16427;2299.0;1.0;VY
0;25;16438;199.0;1.0;NHI
0;25;16439;299.0;1.0;HOA
0;25;16441;149.0;1.0;HAI
0;25;16450;399.0;11.0;HUNG
0;25;16450;399.0;5.0;HAU
0;25;16450;399.0;7.0;SONG
0;25;16450;399.0;8.0;MY
0;25;16450;399.0;7.0;CUC
0;25;16450;399.0;10.0;DAO 
0;25;16450;399.0;7.0;THANH
0;25;16450;399.0;3.0;HOA
0;25;16450;399.0;5.0;HIEN
0;25;16450;399.0;5.0;VY
0;25;16450;399.0;4.0;NHI
0;25;16450;399.0;6.0;HOA
0;25;16450;399.0;3.0;HAI
0;25;16450;399.0;5.0;HUNG
0;25;16450;399.0;3.0;HAU
0;25;16450;399.0;3.0;SONG
0;25;16450;399.0;3.0;MY
0;25;16450;399.0;4.0;CUC
0;25;16429;1499.0;1.0;DAO 
0;25;16450;399.0;6.0;THANH
0;25;16428;399.0;1.0;HOA
0;25;16428;399.0;1.0;HIEN
0;25;15836;149.0;1.0;VY
0;25;15836;149.0;1.0;NHI
0;25;15838;149.0;1.0;HOA
0;25;16381;199.0;1.0;HAI
0;25;16381;199.0;1.0;HUNG
0;25;16381;199.0;1.0;HAU
0;25;16381;199.0;1.0;SONG
0;25;15843;199.0;2.0;MY
0;25;15843;199.0;1.0;CUC
0;25;15846;299.0;1.0;DAO 
0;25;16402;549.0;1.0;THANH
0;25;16404;149.0;1.0;HOA
0;25;16404;149.0;1.0;HIEN
0;25;16406;349.0;1.0;VY
0;25;16406;349.0;1.0;NHI
0;25;16408;549.0;1.0;HOA
0;25;16409;149.0;1.0;HAI
0;25;16409;149.0;1.0;HUNG
0;25;16409;149.0;1.0;HAU
0;25;16409;149.0;1.0;SONG
0;25;16428;399.0;2.0;MY
0;25;16428;399.0;2.0;CUC
0;25;16428;399.0;2.0;DAO 
0;25;16428;399.0;3.0;THANH
0;25;16428;399.0;3.0;HOA
0;25;16428;399.0;1.0;HIEN
0;25;16450;399.0;1.0;VY
0;25;16450;399.0;3.0;NHI
0;25;16450;399.0;2.0;HOA
0;25;16462;399.0;1.0;HAI
0;25;16462;399.0;1.0;HUNG
0;25;16462;399.0;1.0;HAU
0;25;16462;399.0;1.0;SONG
0;25;16462;399.0;1.0;MY
0;25;16472;149.0;1.0;CUC
0;25;16482;399.0;3.0;DAO 
0;25;16482;399.0;3.0;THANH
0;25;16482;399.0;10.0;HOA
0;25;16482;399.0;7.0;HIEN
0;25;16482;399.0;2.0;VY
0;25;16482;399.0;3.0;NHI
0;25;16482;399.0;2.0;HOA
0;25;16483;549.0;3.0;HAI
0;25;16483;549.0;3.0;HUNG
0;25;16483;549.0;2.0;HAU
0;25;16483;549.0;1.0;SONG
0;25;16492;149.0;1.0;MY
0;25;16510;399.0;1.0;CUC
0;25;16517;149.0;1.0;DAO 
0;25;16517;149.0;1.0;THANH
0;25;16517;149.0;1.0;HOA
0;25;16519;149.0;1.0;HIEN
0;25;16519;149.0;1.0;VY
0;25;16526;149.0;1.0;NHI
0;25;16462;399.0;1.0;HOA
0;25;16457;199.0;1.0;HAI
0;25;16457;199.0;1.0;HUNG
0;25;16457;199.0;1.0;HAU
0;25;16450;399.0;2.0;SONG
0;25;16450;399.0;3.0;MY
0;25;16450;399.0;6.0;CUC
0;25;16450;399.0;1.0;DAO 
0;25;16450;399.0;2.0;THANH
0;25;16451;499.0;3.0;HOA
0;25;16451;499.0;4.0;HIEN
0;25;16451;499.0;1.0;VY
0;25;16451;499.0;2.0;NHI
0;25;16451;499.0;3.0;HOA
0;25;16451;499.0;4.0;HAI
0;25;16451;499.0;1.0;HUNG
0;25;15833;149.0;1.0;HAU
0;25;16451;499.0;2.0;SONG
0;25;16451;499.0;3.0;MY
0;25;16451;499.0;0.0;CUC
0;25;16451;499.0;2.0;DAO 
0;25;16451;499.0;1.0;THANH
0;25;16451;498875;4.0;HOA
0;25;16451;499.0;1.0;HIEN
0;25;16451;499.0;2.0;VY
0;25;16451;499.0;1.0;NHI
0;25;16451;499.0;2.0;HOA
0;25;16451;499.0;1.0;HAI
0;25;16451;499.0;2.0;HUNG
0;25;16456;199.0;1.0;HAU
0;25;16451;499.0;4.0;SONG
0;25;15833;149.0;1.0;MY
0;25;15823;1199.0;1.0;CUC
0;25;15822;28.0;1.0;DAO 
0;25;16289;959.0;1.0;THANH
0;25;16290;1599.0;1.0;HOA
0;25;16311;1149.0;1.0;HIEN
0;25;16311;1149.0;1.0;VY
0;25;16311;1149.0;1.0;NHI
0;25;16313;1049.0;2.0;HOA
0;25;16313;1049.0;1.0;HAI
0;25;16313;1049.0;1.0;HUNG
0;25;16313;1049.0;1.0;HAU
0;25;16315;949.0;1.0;SONG
0;25;16316;999.0;1.0;MY
0;25;16316;999.0;1.0;CUC
0;25;16296;1299.0;1.0;DAO 
0;25;16296;1299.0;1.0;THANH
0;25;15673;149.0;1.0;HOA
0;25;15675;499.0;1.0;HIEN
0;25;15676;149.0;1.0;VY
0;25;15676;149.0;2.0;NHI
0;25;15676;149.0;1.0;HOA
0;25;15676;149.0;2.0;HAI
0;25;15677;149.0;1.0;HUNG
0;25;15677;149.0;1.0;HAU
0;25;15677;149.0;1.0;SONG
0;25;15677;149.0;1.0;MY
0;25;15698;149.0;1.0;CUC
0;25;15666;249.0;1.0;DAO 
0;25;15662;575.84;1.0;THANH
0;25;15661;149.0;1.0;HOA
0;25;15661;149.0;1.0;HIEN
0;25;16244;249.0;1.0;VY
0;25;16245;749.0;1.0;NHI
0;25;16245;749.0;1.0;HOA
0;25;16245;749.0;1.0;HAI
0;25;16253;299.0;1.0;HUNG
0;25;15568;199.0;1.0;HAU
0;25;15569;199.0;1.0;SONG
0;25;15569;199.0;1.0;MY
0;25;15579;299.0;1.0;CUC
0;25;16257;148.0;1.0;DAO 
0;25;15583;349.0;1.0;THANH
0;25;15583;349.0;1.0;HOA
0;25;15698;149.0;1.0;HIEN
0;25;15584;999.0;1.0;VY
0;25;15592;249.0;1.0;NHI
0;25;15600;149.0;1.0;HOA
0;25;15604;298.0;1.0;HAI
0;25;15611;149.0;1.0;HUNG
0;25;15611;149.0;1.0;HAU
0;25;15611;149.0;1.0;SONG
0;25;15622;149.0;1.0;MY
0;25;15627;349.0;1.0;CUC
0;25;15644;149.0;1.0;DAO 
0;25;15660;149.0;1.0;THANH
0;25;15660;149.0;1.0;HOA
0;25;15660;149.0;1.0;HIEN
0;25;15585;149.0;1.0;VY
0;25;16244;249.0;1.0;NHI
0;25;15698;149.0;1.0;HOA
0;25;15700;149.0;1.0;HAI
0;25;15761;349.0;1.0;HUNG
0;25;15761;349.0;1.0;HAU
0;25;15761;349.0;1.0;SONG
0;25;15761;349.0;1.0;MY
0;25;15765;149.0;1.0;CUC
0;25;15768;399.0;1.0;DAO 
0;25;15769;799.0;1.0;THANH
0;25;15770;1499.0;1.0;HOA
0;25;15770;1499.0;1.0;HIEN
0;25;16332;2499.0;1.0;VY
0;25;16333;599.0;1.0;NHI
0;25;15782;199.0;1.0;HOA
0;25;15791;298.0;1.0;HAI
0;25;15800;58.0;1.0;HUNG
0;25;15801;98.0;1.0;HAU
0;25;15811;199.0;1.0;SONG
0;25;16363;299.0;1.0;MY
0;25;15822;28.0;1.0;CUC
0;25;15822;28.0;1.0;DAO 
0;25;15822;28.0;1.0;THANH
0;25;15822;28.0;1.0;HOA
0;25;15822;28.0;1.0;HIEN
0;25;15822;28.0;1.0;VY
0;25;15822;28.0;1.0;NHI
0;25;15822;28.0;1.0;HOA
0;25;15761;349.0;1.0;HAI
0;25;15758;199.0;1.0;HUNG
